,time,species_0,species_1,species_2,food,ground_truth,timeseries_id,noise,n_species,did,n_timeseries,n_timepoints,sampling_scheme
0,6.0606060606060606,2.268931437160345,1.6569113054605094,0.0625509280596281,0.8955654594354048,3_sp_gt_5,36656,0.01,3,161,50,15,seq
1,7.272727272727273,1.5261183712720845,1.5746543576552632,0.2660308561278112,0.9118500995518364,3_sp_gt_5,36656,0.01,3,161,50,15,seq
2,8.484848484848484,1.3077132838550651,1.2997997862651238,0.6259088983818375,0.950882714977008,3_sp_gt_5,36656,0.01,3,161,50,15,seq
3,10.0,1.0305400675174667,1.2013833341836742,0.9732006508779152,0.974777453897821,3_sp_gt_5,36656,0.01,3,161,50,15,seq
4,11.212121212121213,0.94628434820899,1.0625536004707494,1.0229556365945622,0.9719930469574688,3_sp_gt_5,36656,0.01,3,161,50,15,seq
5,12.424242424242424,0.9666897324038516,0.9948208201492212,1.008901035110962,0.9585685481577132,3_sp_gt_5,36656,0.01,3,161,50,15,seq
6,13.636363636363637,1.0021168245870464,0.9613725696431054,0.9834772201523732,0.9681987160322594,3_sp_gt_5,36656,0.01,3,161,50,15,seq
7,14.84848484848485,1.037534480927855,0.9890141127785684,0.9632309834674234,0.95461904691378,3_sp_gt_5,36656,0.01,3,161,50,15,seq
8,16.060606060606062,1.057559132617889,1.0282778944341835,0.9910442302250612,0.9551411997657284,3_sp_gt_5,36656,0.01,3,161,50,15,seq
9,17.272727272727273,1.0467055728291783,1.0616930920567198,1.031656566687357,0.9463379347769814,3_sp_gt_5,36656,0.01,3,161,50,15,seq
10,18.484848484848484,0.9549997089737686,1.0507576519076904,1.0530715878494752,0.9478206314597608,3_sp_gt_5,36656,0.01,3,161,50,15,seq
11,20.0,0.9264802056778688,0.9665079212144864,1.0035425796802369,0.970140141766353,3_sp_gt_5,36656,0.01,3,161,50,15,seq
12,21.21212121212121,1.008178449482073,0.9280493265000458,0.9499262355615956,0.9585648269385032,3_sp_gt_5,36656,0.01,3,161,50,15,seq
13,22.424242424242426,1.064554437004663,1.0022239809973963,1.001718081191768,0.9771913309360536,3_sp_gt_5,36656,0.01,3,161,50,15,seq
14,23.63636363636364,0.991410968706552,1.0617799819235156,1.0279870200668773,0.9499826653947304,3_sp_gt_5,36656,0.01,3,161,50,15,seq
15,8.484848484848484,0.8365822207009396,1.061017489779314,1.068871983199027,1.1033282433909757,3_sp_gt_5,41300,0.01,3,161,50,15,seq
16,10.0,0.9335680432372664,0.8755503245529805,0.943383922413486,1.1033092155105475,3_sp_gt_5,41300,0.01,3,161,50,15,seq
17,11.212121212121213,1.072205629198664,0.8945592617213398,0.914109443651962,1.0964240311319515,3_sp_gt_5,41300,0.01,3,161,50,15,seq
18,12.424242424242424,1.1130247060265746,1.0363989311378523,0.9847355553699272,1.0883850511186366,3_sp_gt_5,41300,0.01,3,161,50,15,seq
19,13.636363636363637,1.006169787812493,1.0999841024032158,1.0155300940220109,1.0686887795340574,3_sp_gt_5,41300,0.01,3,161,50,15,seq
20,14.84848484848485,0.9497990714458424,1.03724018060266,1.0275603102960609,1.079348908428539,3_sp_gt_5,41300,0.01,3,161,50,15,seq
21,16.060606060606062,0.9487018623218908,1.0022686343999136,0.9974426818550064,1.059704671874675,3_sp_gt_5,41300,0.01,3,161,50,15,seq
22,17.272727272727273,1.024564898964182,0.9643655883009316,0.9702745691917528,1.050007733113898,3_sp_gt_5,41300,0.01,3,161,50,15,seq
23,18.484848484848484,1.0235944794580023,1.0179703965832645,0.9871963655261702,1.0415809688301938,3_sp_gt_5,41300,0.01,3,161,50,15,seq
24,20.0,0.9746662475235914,1.0140824907562624,1.0125003058214843,1.0102148527079764,3_sp_gt_5,41300,0.01,3,161,50,15,seq
25,21.21212121212121,0.9856128604482368,0.9781895201373266,0.9931904765082648,1.0066866416659694,3_sp_gt_5,41300,0.01,3,161,50,15,seq
26,22.424242424242426,1.0169914133419848,0.953904202407144,0.971734697363786,1.0198345800001936,3_sp_gt_5,41300,0.01,3,161,50,15,seq
27,23.63636363636364,1.0475225190256368,1.003589149039323,0.9726687898573808,1.0315852324898809,3_sp_gt_5,41300,0.01,3,161,50,15,seq
28,24.848484848484848,1.0211980176431723,1.0357537444581029,0.9965930934234036,1.0229791852063388,3_sp_gt_5,41300,0.01,3,161,50,15,seq
29,26.060606060606062,0.9940286557720456,1.0766116229302511,1.0529977678289495,1.0323590034403882,3_sp_gt_5,41300,0.01,3,161,50,15,seq
30,8.484848484848484,2.85952395472826,0.0,0.6080160250620901,0.9475321231354572,3_sp_gt_5,115475,0.01,3,161,50,15,seq
31,10.0,2.4832324495180007,0.0,0.8123865957594567,0.9460742295885108,3_sp_gt_5,115475,0.01,3,161,50,15,seq
32,11.212121212121213,2.430207580099233,0.0,0.853060412100927,0.9856145178769978,3_sp_gt_5,115475,0.01,3,161,50,15,seq
33,12.424242424242424,2.4264984803759027,0.0,0.8835025414611655,0.9904642204603789,3_sp_gt_5,115475,0.01,3,161,50,15,seq
34,13.636363636363637,2.4265863167021635,0.0,0.8669427099086849,1.0111946265486444,3_sp_gt_5,115475,0.01,3,161,50,15,seq
35,14.84848484848485,2.4343975868436964,0.0,0.8888980150577753,1.0214794191748475,3_sp_gt_5,115475,0.01,3,161,50,15,seq
36,16.060606060606062,2.3367870500989927,0.0,0.857916431689721,1.0011166243495448,3_sp_gt_5,115475,0.01,3,161,50,15,seq
37,17.272727272727273,2.322841449220742,0.0,0.8387055689642038,0.9718515568804345,3_sp_gt_5,115475,0.01,3,161,50,15,seq
38,18.484848484848484,2.385949310308634,0.0,0.8407339244704563,0.9936834614743112,3_sp_gt_5,115475,0.01,3,161,50,15,seq
39,20.0,2.403037149659218,0.0,0.8484418929951996,0.966855726246736,3_sp_gt_5,115475,0.01,3,161,50,15,seq
40,21.21212121212121,2.3899656131774734,0.0,0.8756909304049617,0.9545029453336664,3_sp_gt_5,115475,0.01,3,161,50,15,seq
41,22.424242424242426,2.3362043875255525,0.0,0.863628747303272,0.9371263842251616,3_sp_gt_5,115475,0.01,3,161,50,15,seq
42,23.63636363636364,2.4124933501401578,0.0,0.8558422925107182,0.9374414637765908,3_sp_gt_5,115475,0.01,3,161,50,15,seq
43,24.848484848484848,2.438398510524684,0.0,0.8545564892891149,0.9167328939486008,3_sp_gt_5,115475,0.01,3,161,50,15,seq
44,26.060606060606062,2.334515372099791,0.0,0.8521096088786773,0.9080376112881088,3_sp_gt_5,115475,0.01,3,161,50,15,seq
45,10.0,1.067243708017541,1.1853964249390263,0.95025951604517,0.981656364681326,3_sp_gt_5,309357,0.01,3,161,50,15,seq
46,11.212121212121213,0.9497324294860524,1.1126168409794843,1.0654073368184065,0.9514595241488302,3_sp_gt_5,309357,0.01,3,161,50,15,seq
47,12.424242424242424,0.9110541380692438,0.981908532357837,1.026912479677213,0.938045735041193,3_sp_gt_5,309357,0.01,3,161,50,15,seq
48,13.636363636363637,0.972095118427307,0.9230390851642692,0.9633309591586054,0.9354065789068688,3_sp_gt_5,309357,0.01,3,161,50,15,seq
49,14.84848484848485,1.037557062110793,0.9314591945872124,0.9196117443572936,0.9415041310847256,3_sp_gt_5,309357,0.01,3,161,50,15,seq
50,16.060606060606062,1.0736991460478145,0.9966607585304428,0.9224445924847376,0.9358937536512628,3_sp_gt_5,309357,0.01,3,161,50,15,seq
51,17.272727272727273,1.0598107827880872,1.0499642567729377,0.9973734348871496,0.91484784263314,3_sp_gt_5,309357,0.01,3,161,50,15,seq
52,18.484848484848484,0.9634993338993476,1.0852246207625114,1.0365477481927032,0.9321982930730026,3_sp_gt_5,309357,0.01,3,161,50,15,seq
53,20.0,0.959895548447536,0.9647526914282162,0.996161203158838,0.918976084857282,3_sp_gt_5,309357,0.01,3,161,50,15,seq
54,21.21212121212121,1.0073804586403028,0.9569667073804664,0.9772296723502752,0.931281088331125,3_sp_gt_5,309357,0.01,3,161,50,15,seq
55,22.424242424242426,1.051179862957484,0.9947981185850816,0.9933226773953314,0.9276610003219252,3_sp_gt_5,309357,0.01,3,161,50,15,seq
56,23.63636363636364,1.0195652859789006,1.0247794802587724,1.042157359049363,0.916871829689006,3_sp_gt_5,309357,0.01,3,161,50,15,seq
57,24.848484848484848,0.9557405789649868,1.0211206754062907,1.0317024600213098,0.908474594528448,3_sp_gt_5,309357,0.01,3,161,50,15,seq
58,26.060606060606062,0.9511772095436526,0.961503500293284,1.034273580506918,0.8963607498104442,3_sp_gt_5,309357,0.01,3,161,50,15,seq
59,27.272727272727277,1.0047970940287163,0.949245061463776,0.9845653365019542,0.9043173541222668,3_sp_gt_5,309357,0.01,3,161,50,15,seq
60,7.272727272727273,1.2866041215063933,1.376677189802561,0.5567076572405322,0.9722153984024892,3_sp_gt_5,416304,0.01,3,161,50,15,seq
61,8.484848484848484,1.0928941618252122,1.2217375138454172,0.8878560325394322,0.9977084620165833,3_sp_gt_5,416304,0.01,3,161,50,15,seq
62,10.0,0.938208940294011,1.0864957651756468,1.052791126792682,0.9965889325779516,3_sp_gt_5,416304,0.01,3,161,50,15,seq
63,11.212121212121213,0.9298167339121084,0.9535645012665748,1.0288293984597352,0.9795164653058542,3_sp_gt_5,416304,0.01,3,161,50,15,seq
64,12.424242424242424,1.0106949604411986,0.9434861698221596,0.9821683576338672,0.9749160399462582,3_sp_gt_5,416304,0.01,3,161,50,15,seq
65,13.636363636363637,1.0527759716852876,0.9855624851500764,0.962520420610552,0.975417054129022,3_sp_gt_5,416304,0.01,3,161,50,15,seq
66,14.84848484848485,1.0221344379127657,1.0050510000087107,0.9871074896908836,0.9932534335490883,3_sp_gt_5,416304,0.01,3,161,50,15,seq
67,16.060606060606062,0.991547947042947,0.9782295311231952,0.9866854470950168,1.001905089132828,3_sp_gt_5,416304,0.01,3,161,50,15,seq
68,17.272727272727273,1.0068019755478357,0.9715969211063056,0.9872632960208388,0.9865812834724736,3_sp_gt_5,416304,0.01,3,161,50,15,seq
69,18.484848484848484,1.0140211220148196,0.9667001701961604,0.9690015641596732,0.9535275549807638,3_sp_gt_5,416304,0.01,3,161,50,15,seq
70,20.0,1.0275337902600956,0.989103763103999,0.9827250231438774,0.9528948481405854,3_sp_gt_5,416304,0.01,3,161,50,15,seq
71,21.21212121212121,1.039643015430824,1.017179084252187,0.9865538712682216,0.9454376422103276,3_sp_gt_5,416304,0.01,3,161,50,15,seq
72,22.424242424242426,0.9777124871060864,1.0134899226167753,1.015097602088911,0.9435548657703712,3_sp_gt_5,416304,0.01,3,161,50,15,seq
73,23.63636363636364,0.9852524757156602,1.0204309094521813,1.0006854438921868,0.981219454712607,3_sp_gt_5,416304,0.01,3,161,50,15,seq
74,24.848484848484848,1.0039763305540057,0.9785399646389804,0.9763009223133744,0.9681279399954728,3_sp_gt_5,416304,0.01,3,161,50,15,seq
75,6.0606060606060606,3.1719537627819983,0.0,0.1887322079534256,0.990930313144086,3_sp_gt_5,591973,0.01,3,161,50,15,seq
76,7.272727272727273,3.0423627607321064,0.0,0.4070567820072962,0.978736987981209,3_sp_gt_5,591973,0.01,3,161,50,15,seq
77,8.484848484848484,2.7849741210523624,0.0,0.648670016482758,0.9855621151557667,3_sp_gt_5,591973,0.01,3,161,50,15,seq
78,10.0,2.4943871492014336,0.0,0.8261659604038807,1.0027649510550618,3_sp_gt_5,591973,0.01,3,161,50,15,seq
79,11.212121212121213,2.4161690152573017,0.0,0.8545135420785892,0.978044906633454,3_sp_gt_5,591973,0.01,3,161,50,15,seq
80,12.424242424242424,2.350394641580768,0.0,0.8878868438733497,0.9616543109131392,3_sp_gt_5,591973,0.01,3,161,50,15,seq
81,13.636363636363637,2.330537237053118,0.0,0.8813292228528069,0.9707386584044344,3_sp_gt_5,591973,0.01,3,161,50,15,seq
82,14.84848484848485,2.357370884696286,0.0,0.8602996137484208,0.8922952422903027,3_sp_gt_5,591973,0.01,3,161,50,15,seq
83,16.060606060606062,2.3205000910043827,0.0,0.8644477560530944,0.8948493161037598,3_sp_gt_5,591973,0.01,3,161,50,15,seq
84,17.272727272727273,2.3912489704270907,0.0,0.8493920417904052,0.924497098672295,3_sp_gt_5,591973,0.01,3,161,50,15,seq
85,18.484848484848484,2.379165084278053,0.0,0.8436514897110056,0.9629629553023676,3_sp_gt_5,591973,0.01,3,161,50,15,seq
86,20.0,2.391143932360324,0.0,0.8356073551599406,0.9780721388166428,3_sp_gt_5,591973,0.01,3,161,50,15,seq
87,21.21212121212121,2.428196326532999,0.0,0.8362884846041306,0.9609005910470552,3_sp_gt_5,591973,0.01,3,161,50,15,seq
88,22.424242424242426,2.384887919498885,0.0,0.8718151055665893,0.9955044999150504,3_sp_gt_5,591973,0.01,3,161,50,15,seq
89,23.63636363636364,2.389247948269172,0.0,0.8947744494307209,0.977823523531968,3_sp_gt_5,591973,0.01,3,161,50,15,seq
90,10.0,0.9477647089081624,1.1863758005025449,1.0331590166256608,0.9176522764468714,3_sp_gt_5,1444356,0.01,3,161,50,15,seq
91,11.212121212121213,0.9203804639328844,1.009818726092459,1.059258084576315,0.9323170073209698,3_sp_gt_5,1444356,0.01,3,161,50,15,seq
92,12.424242424242424,0.9474809946887084,0.9308539030728004,0.976855031295554,0.8935117872877396,3_sp_gt_5,1444356,0.01,3,161,50,15,seq
93,13.636363636363637,1.0540564511806712,0.9189827308564584,0.946426374687606,0.9122214082554644,3_sp_gt_5,1444356,0.01,3,161,50,15,seq
94,14.84848484848485,1.0595283716046848,1.0221426091342465,0.9513039697417952,0.8971646394351563,3_sp_gt_5,1444356,0.01,3,161,50,15,seq
95,16.060606060606062,0.9949021405608016,1.0665301847843291,1.006422817986056,0.9035645252188216,3_sp_gt_5,1444356,0.01,3,161,50,15,seq
96,17.272727272727273,0.9662938006817332,1.0244456641358208,1.03117952827173,0.8912902276553296,3_sp_gt_5,1444356,0.01,3,161,50,15,seq
97,18.484848484848484,0.9403573464348371,0.9914052962916736,1.0153945839092509,0.8729353174135768,3_sp_gt_5,1444356,0.01,3,161,50,15,seq
98,20.0,1.005486241414073,0.9689973019768602,0.962126546933698,0.8943489540820587,3_sp_gt_5,1444356,0.01,3,161,50,15,seq
99,21.21212121212121,1.024867080879655,0.9994551524140776,0.9738080022019628,0.8972024652989686,3_sp_gt_5,1444356,0.01,3,161,50,15,seq
100,22.424242424242426,1.0463570954599732,0.9893331021044964,0.973328219104333,0.9123290466995708,3_sp_gt_5,1444356,0.01,3,161,50,15,seq
101,23.63636363636364,1.0090368683437103,1.0193013273628924,1.000899094726114,0.9102218799026958,3_sp_gt_5,1444356,0.01,3,161,50,15,seq
102,24.848484848484848,1.013257619039972,1.0383217889012022,1.016919260046838,0.9149378425274762,3_sp_gt_5,1444356,0.01,3,161,50,15,seq
103,26.060606060606062,0.9597994298242756,1.0255629973138505,1.0149395494390727,0.9222170321622426,3_sp_gt_5,1444356,0.01,3,161,50,15,seq
104,27.272727272727277,0.9685348799920854,0.9844797627085192,1.0215551567835703,0.9208182347803892,3_sp_gt_5,1444356,0.01,3,161,50,15,seq
105,2.4242424242424243,1.1896809047108985,0.0,0.0038638663663806,1.027966420718294,3_sp_gt_5,1768742,0.01,3,161,50,15,seq
106,3.6363636363636367,2.7049853765604785,0.0,0.0054146161320421,1.0333186316269616,3_sp_gt_5,1768742,0.01,3,161,50,15,seq
107,4.848484848484849,3.2388158644992773,0.0,0.0124611597577005,1.031259186793078,3_sp_gt_5,1768742,0.01,3,161,50,15,seq
108,6.0606060606060606,3.2772557270312226,0.0,0.0317000949042242,1.048776947705126,3_sp_gt_5,1768742,0.01,3,161,50,15,seq
109,7.272727272727273,3.316556688509512,0.0,0.0811595624938344,1.0418136220543217,3_sp_gt_5,1768742,0.01,3,161,50,15,seq
110,8.484848484848484,3.211632395265453,0.0,0.1958183377012029,1.0227302745889235,3_sp_gt_5,1768742,0.01,3,161,50,15,seq
111,10.0,2.920692934084273,0.0,0.4579365418871228,1.001918558667278,3_sp_gt_5,1768742,0.01,3,161,50,15,seq
112,11.212121212121213,2.7378575581782805,0.0,0.694439799233387,1.031884567215524,3_sp_gt_5,1768742,0.01,3,161,50,15,seq
113,12.424242424242424,2.5381420253894604,0.0,0.8239204547625665,1.0454163972202994,3_sp_gt_5,1768742,0.01,3,161,50,15,seq
114,13.636363636363637,2.4251761117319166,0.0,0.8784080949254928,1.031486064406755,3_sp_gt_5,1768742,0.01,3,161,50,15,seq
115,14.84848484848485,2.364674226554864,0.0,0.8802959689623678,1.0693206812282892,3_sp_gt_5,1768742,0.01,3,161,50,15,seq
116,16.060606060606062,2.387672869760517,0.0,0.8846897915408013,1.074978535711083,3_sp_gt_5,1768742,0.01,3,161,50,15,seq
117,17.272727272727273,2.3195554415893778,0.0,0.897864530792822,1.032918701313134,3_sp_gt_5,1768742,0.01,3,161,50,15,seq
118,18.484848484848484,2.319127423478315,0.0,0.869550729537097,1.0041229843173989,3_sp_gt_5,1768742,0.01,3,161,50,15,seq
119,20.0,2.405368279113853,0.0,0.8954431904347684,0.9885664138028072,3_sp_gt_5,1768742,0.01,3,161,50,15,seq
120,0.0,0.09,0.08,0.05,1.0,3_sp_gt_5,2091765,0.01,3,161,50,15,seq
121,1.2121212121212122,0.5688731007979425,0.0141079490384297,0.0289827521073794,1.0085832877680092,3_sp_gt_5,2091765,0.01,3,161,50,15,seq
122,2.4242424242424243,2.0408315667923613,0.0128962994079885,0.0283757451200059,1.0166515104934024,3_sp_gt_5,2091765,0.01,3,161,50,15,seq
123,3.6363636363636367,2.9757209789026704,0.121116708055888,0.0560179392193957,1.002991216413376,3_sp_gt_5,2091765,0.01,3,161,50,15,seq
124,4.848484848484849,2.4746400977705023,1.3015006571302143,0.1741103949027139,0.9931510026872994,3_sp_gt_5,2091765,0.01,3,161,50,15,seq
125,6.0606060606060606,1.3149485525003104,1.6912200286981462,0.641782732615629,1.0125694363887736,3_sp_gt_5,2091765,0.01,3,161,50,15,seq
126,7.272727272727273,0.9325033725354804,1.3346859386378669,1.062680787501772,1.037743254464307,3_sp_gt_5,2091765,0.01,3,161,50,15,seq
127,8.484848484848484,0.8407569359084872,1.0700111075404677,1.091792698732379,1.034111842622128,3_sp_gt_5,2091765,0.01,3,161,50,15,seq
128,10.0,0.9478198816049492,0.8879646873167909,0.9494240986306508,0.9902683229317358,3_sp_gt_5,2091765,0.01,3,161,50,15,seq
129,11.212121212121213,1.0955888533359908,0.9190607908493886,0.9086187202406306,0.9887708151632792,3_sp_gt_5,2091765,0.01,3,161,50,15,seq
130,12.424242424242424,1.1014543847878928,1.0728383093183225,0.979746781094406,0.9980840241879696,3_sp_gt_5,2091765,0.01,3,161,50,15,seq
131,13.636363636363637,0.9594909267774442,1.0883512906003157,1.063084133361409,0.9639453982738304,3_sp_gt_5,2091765,0.01,3,161,50,15,seq
132,14.84848484848485,0.9124938720685608,1.043606413429725,1.0516531273740548,0.9832254612657688,3_sp_gt_5,2091765,0.01,3,161,50,15,seq
133,16.060606060606062,0.9231362247245192,0.9533781577360676,0.9886084749286312,0.947316127765838,3_sp_gt_5,2091765,0.01,3,161,50,15,seq
134,17.272727272727273,1.0348667449960285,0.8951752305315028,0.9421937328795787,1.0008159297265016,3_sp_gt_5,2091765,0.01,3,161,50,15,seq
135,11.212121212121213,2.599635302669785,0.0,0.7745875288537954,0.9372542741770786,3_sp_gt_5,2369231,0.01,3,161,50,15,seq
136,12.424242424242424,2.5619707240590635,0.0,0.8521430293448223,0.926181060219589,3_sp_gt_5,2369231,0.01,3,161,50,15,seq
137,13.636363636363637,2.4086139925069925,0.0,0.8735670473965123,0.9308283378784376,3_sp_gt_5,2369231,0.01,3,161,50,15,seq
138,14.84848484848485,2.4103464866716138,0.0,0.8694792912471189,0.920816791127424,3_sp_gt_5,2369231,0.01,3,161,50,15,seq
139,16.060606060606062,2.4058555168567017,0.0,0.8596754914836487,0.93032199330757,3_sp_gt_5,2369231,0.01,3,161,50,15,seq
140,17.272727272727273,2.4239907991818592,0.0,0.8528571783330234,0.961914942055504,3_sp_gt_5,2369231,0.01,3,161,50,15,seq
141,18.484848484848484,2.3686250362770123,0.0,0.8679783770912827,0.9597864626962253,3_sp_gt_5,2369231,0.01,3,161,50,15,seq
142,20.0,2.4197842668695606,0.0,0.8773298724999917,0.9519498436589618,3_sp_gt_5,2369231,0.01,3,161,50,15,seq
143,21.21212121212121,2.372459427583787,0.0,0.8960771168524369,0.9813600716630438,3_sp_gt_5,2369231,0.01,3,161,50,15,seq
144,22.424242424242426,2.360435612197721,0.0,0.8810870786022423,1.0136557082380813,3_sp_gt_5,2369231,0.01,3,161,50,15,seq
145,23.63636363636364,2.348421036638787,0.0,0.8815886846618236,0.9831168903099278,3_sp_gt_5,2369231,0.01,3,161,50,15,seq
146,24.848484848484848,2.3076896069193324,0.0,0.8438462050880234,0.9741333035008592,3_sp_gt_5,2369231,0.01,3,161,50,15,seq
147,26.060606060606062,2.3422812374195487,0.0,0.8334799050512043,0.9866792157418596,3_sp_gt_5,2369231,0.01,3,161,50,15,seq
148,27.272727272727277,2.449509271705042,0.0,0.8367929724715242,0.9857018754000988,3_sp_gt_5,2369231,0.01,3,161,50,15,seq
149,28.484848484848484,2.412456580550377,0.0,0.8684811367283373,0.9984201432673958,3_sp_gt_5,2369231,0.01,3,161,50,15,seq
150,4.848484848484849,3.032511225540484,0.2404617731983191,0.1178634520146691,1.0252418085409265,3_sp_gt_5,2698393,0.01,3,161,50,15,seq
151,6.0606060606060606,1.9863516287251404,1.6941823727746108,0.4023431674965764,1.0093277884194207,3_sp_gt_5,2698393,0.01,3,161,50,15,seq
152,7.272727272727273,1.034486557838658,1.6363959526398235,1.0398075546891532,1.0063262153882042,3_sp_gt_5,2698393,0.01,3,161,50,15,seq
153,8.484848484848484,0.738507429615953,1.2359707224518115,1.1888183853153975,1.0120045382557077,3_sp_gt_5,2698393,0.01,3,161,50,15,seq
154,10.0,0.8480865868495333,0.830800838804374,0.9871330684511904,1.029120450374552,3_sp_gt_5,2698393,0.01,3,161,50,15,seq
155,11.212121212121213,1.0511874029415162,0.7810038372783668,0.8693182824326772,1.0375672119127235,3_sp_gt_5,2698393,0.01,3,161,50,15,seq
156,12.424242424242424,1.192061963484105,0.9572214027179072,0.8834630914935789,1.048246067257034,3_sp_gt_5,2698393,0.01,3,161,50,15,seq
157,13.636363636363637,1.0525031711935289,1.1759151389651616,1.0532378478554072,1.049212303651572,3_sp_gt_5,2698393,0.01,3,161,50,15,seq
158,14.84848484848485,0.8821941092941905,1.1150409141085158,1.1057998026177918,1.0353079406944288,3_sp_gt_5,2698393,0.01,3,161,50,15,seq
159,16.060606060606062,0.9178424838588204,0.9629561667480512,1.016827222494171,1.0390025717996996,3_sp_gt_5,2698393,0.01,3,161,50,15,seq
160,17.272727272727273,1.008569497895539,0.928381369413106,0.9755093560965412,1.0530888598926311,3_sp_gt_5,2698393,0.01,3,161,50,15,seq
161,18.484848484848484,1.0255517684701152,0.9498195438826752,0.957037068501128,1.064566412179263,3_sp_gt_5,2698393,0.01,3,161,50,15,seq
162,20.0,1.0200828705866376,1.018632511446295,1.0161668301249869,1.079799878748885,3_sp_gt_5,2698393,0.01,3,161,50,15,seq
163,21.21212121212121,0.9714101373301632,1.006306270819041,1.0350315084372186,1.0596041389626698,3_sp_gt_5,2698393,0.01,3,161,50,15,seq
164,22.424242424242426,0.9821915082320012,0.9534652825988904,0.9420652697673246,1.0577188368075168,3_sp_gt_5,2698393,0.01,3,161,50,15,seq
165,8.484848484848484,3.163715793759969,0.0,0.2496243975553133,1.1013610447239222,3_sp_gt_5,2721265,0.01,3,161,50,15,seq
166,10.0,2.9168401475638395,0.0,0.5374447138330413,1.0778163668665182,3_sp_gt_5,2721265,0.01,3,161,50,15,seq
167,11.212121212121213,2.626281932202089,0.0,0.7508352903912818,1.0656143708915806,3_sp_gt_5,2721265,0.01,3,161,50,15,seq
168,12.424242424242424,2.446704021203795,0.0,0.8037530033966429,1.1037267412900809,3_sp_gt_5,2721265,0.01,3,161,50,15,seq
169,13.636363636363637,2.489068863486902,0.0,0.879818461577935,1.106047170036755,3_sp_gt_5,2721265,0.01,3,161,50,15,seq
170,14.84848484848485,2.384182174082139,0.0,0.8982810893839921,1.1386636744311598,3_sp_gt_5,2721265,0.01,3,161,50,15,seq
171,16.060606060606062,2.348552926765036,0.0,0.8695576227352277,1.1380500986253568,3_sp_gt_5,2721265,0.01,3,161,50,15,seq
172,17.272727272727273,2.392454626399895,0.0,0.8821714596641884,1.1403563898138849,3_sp_gt_5,2721265,0.01,3,161,50,15,seq
173,18.484848484848484,2.383081313275046,0.0,0.8708709808783379,1.1406913786721888,3_sp_gt_5,2721265,0.01,3,161,50,15,seq
174,20.0,2.421113660047451,0.0,0.8505539278683489,1.1446027391475373,3_sp_gt_5,2721265,0.01,3,161,50,15,seq
175,21.21212121212121,2.401663227585676,0.0,0.8734304003239886,1.1579106723846504,3_sp_gt_5,2721265,0.01,3,161,50,15,seq
176,22.424242424242426,2.4185385917978754,0.0,0.8803747295321805,1.1563326948802677,3_sp_gt_5,2721265,0.01,3,161,50,15,seq
177,23.63636363636364,2.325205701049352,0.0,0.8654518819682571,1.1359029790624775,3_sp_gt_5,2721265,0.01,3,161,50,15,seq
178,24.848484848484848,2.354568065563144,0.0,0.8410156790192352,1.1406000867096255,3_sp_gt_5,2721265,0.01,3,161,50,15,seq
179,26.060606060606062,2.361105177238536,0.0,0.8414427488075935,1.1469225612328002,3_sp_gt_5,2721265,0.01,3,161,50,15,seq
180,10.0,0.8635491802569719,0.8576431970876611,0.9852525217455608,0.9347653971298758,3_sp_gt_5,2753893,0.01,3,161,50,15,seq
181,11.212121212121213,1.0559474464763148,0.849654806936198,0.9125188012010744,0.9320419009364888,3_sp_gt_5,2753893,0.01,3,161,50,15,seq
182,12.424242424242424,1.1156576689204272,0.9801540705823492,0.9316472735781736,0.9186017872513788,3_sp_gt_5,2753893,0.01,3,161,50,15,seq
183,13.636363636363637,1.0626293699810572,1.0618048398315292,1.0060762982697236,0.9297711537945508,3_sp_gt_5,2753893,0.01,3,161,50,15,seq
184,14.84848484848485,0.988775069327348,1.0718134718280012,1.0487892972788595,0.9070955359182004,3_sp_gt_5,2753893,0.01,3,161,50,15,seq
185,16.060606060606062,0.9465691237885604,1.057002928237472,1.0177929020834693,0.8727145479517215,3_sp_gt_5,2753893,0.01,3,161,50,15,seq
186,17.272727272727273,0.973254020177422,0.9633393804462368,1.00815164258405,0.8736989724198507,3_sp_gt_5,2753893,0.01,3,161,50,15,seq
187,18.484848484848484,1.0037931951809438,0.9839994957495812,1.001737106880746,0.8629888390962953,3_sp_gt_5,2753893,0.01,3,161,50,15,seq
188,20.0,1.0170745392509508,1.0249064831782244,1.0238432104577386,0.9017461760805836,3_sp_gt_5,2753893,0.01,3,161,50,15,seq
189,21.21212121212121,0.9654925498975756,1.0004623325544404,1.0224443766133808,0.9172969135207504,3_sp_gt_5,2753893,0.01,3,161,50,15,seq
190,22.424242424242426,0.990784985817078,0.9735006246752482,0.9945785755623407,0.888916844200284,3_sp_gt_5,2753893,0.01,3,161,50,15,seq
191,23.63636363636364,0.997758140510547,0.9657492394544388,0.9756589787551329,0.8684152920114392,3_sp_gt_5,2753893,0.01,3,161,50,15,seq
192,24.848484848484848,1.036245526881552,0.94347159840543,0.948602423241978,0.8694684356274065,3_sp_gt_5,2753893,0.01,3,161,50,15,seq
193,26.060606060606062,1.0564816204968677,0.9736798381403372,0.979526814648634,0.8741525572935797,3_sp_gt_5,2753893,0.01,3,161,50,15,seq
194,27.272727272727277,0.9963077189480908,1.0622409111115194,1.0392576329960013,0.8737893732667072,3_sp_gt_5,2753893,0.01,3,161,50,15,seq
195,11.212121212121213,0.9074878615005624,1.0415892825442623,1.073554547628916,0.913364011310934,3_sp_gt_5,2858482,0.01,3,161,50,15,seq
196,12.424242424242424,0.946593534846127,0.965415338083704,1.013229928944953,0.873590292252885,3_sp_gt_5,2858482,0.01,3,161,50,15,seq
197,13.636363636363637,0.9743042335186496,0.9627752786621132,1.002342426715651,0.8791861590868706,3_sp_gt_5,2858482,0.01,3,161,50,15,seq
198,14.84848484848485,1.024082611022909,0.9518036662499336,0.9629984334053392,0.8863807207490195,3_sp_gt_5,2858482,0.01,3,161,50,15,seq
199,16.060606060606062,1.0712561607084616,0.9923513958055604,0.974572214754489,0.908793160214222,3_sp_gt_5,2858482,0.01,3,161,50,15,seq
200,17.272727272727273,1.0294008157841128,1.0493820578725572,1.0274663400072988,0.9275137428025018,3_sp_gt_5,2858482,0.01,3,161,50,15,seq
201,18.484848484848484,0.9701610136470964,1.006712620265433,1.043837007199728,0.937694273776006,3_sp_gt_5,2858482,0.01,3,161,50,15,seq
202,20.0,1.0003611720400691,0.9837218837152988,0.9926049346336864,0.9480160485742816,3_sp_gt_5,2858482,0.01,3,161,50,15,seq
203,21.21212121212121,1.0033122217904038,1.0062976069879082,0.9917334111695064,0.9483084316137198,3_sp_gt_5,2858482,0.01,3,161,50,15,seq
204,22.424242424242426,1.0258560138601642,1.0401209469369694,1.0037110777557494,0.9353993524410484,3_sp_gt_5,2858482,0.01,3,161,50,15,seq
205,23.63636363636364,0.9993131740679584,1.0331506719974834,0.992302864174876,0.9308693685866056,3_sp_gt_5,2858482,0.01,3,161,50,15,seq
206,24.848484848484848,0.990887817115794,1.004344805086879,0.9681509906955836,0.9434011507756408,3_sp_gt_5,2858482,0.01,3,161,50,15,seq
207,26.060606060606062,1.0231303657095898,0.9978026867530072,0.9804566574924416,0.9204080747818084,3_sp_gt_5,2858482,0.01,3,161,50,15,seq
208,27.272727272727277,1.014495801284171,1.0333615280366657,1.0202153304323796,0.8968525648980935,3_sp_gt_5,2858482,0.01,3,161,50,15,seq
209,28.484848484848484,0.961483102893334,1.0225103714373076,1.031414702796883,0.9267990802034214,3_sp_gt_5,2858482,0.01,3,161,50,15,seq
210,4.848484848484849,2.6901350703604576,0.929146213709762,0.1416079351067461,1.0488762447570537,3_sp_gt_5,2905119,0.01,3,161,50,15,seq
211,6.0606060606060606,1.4746246678875563,1.777194596178561,0.5843904614888356,1.0202833792900687,3_sp_gt_5,2905119,0.01,3,161,50,15,seq
212,7.272727272727273,0.9440390301833322,1.409450005534351,1.081815618983636,1.0239785882503647,3_sp_gt_5,2905119,0.01,3,161,50,15,seq
213,8.484848484848484,0.7947106241459231,1.0706374579702986,1.1368239984800763,1.0187330295709702,3_sp_gt_5,2905119,0.01,3,161,50,15,seq
214,10.0,0.9071185163145316,0.8330519912755802,0.9283613623532772,0.9821307973039106,3_sp_gt_5,2905119,0.01,3,161,50,15,seq
215,11.212121212121213,1.106774720975466,0.8719375217503139,0.8692490977300579,0.984247424352567,3_sp_gt_5,2905119,0.01,3,161,50,15,seq
216,12.424242424242424,1.150189278144878,0.9953710861495344,0.9429455285090274,0.9865570570614576,3_sp_gt_5,2905119,0.01,3,161,50,15,seq
217,13.636363636363637,1.0363586655069938,1.1242806949270645,1.0307403949996956,1.0141387142221872,3_sp_gt_5,2905119,0.01,3,161,50,15,seq
218,14.84848484848485,0.9382897984272428,1.1459022299649777,1.0908146245272885,1.015259877880675,3_sp_gt_5,2905119,0.01,3,161,50,15,seq
219,16.060606060606062,0.8969436684004088,0.9733635712072596,1.040440886823965,1.0089210860967843,3_sp_gt_5,2905119,0.01,3,161,50,15,seq
220,17.272727272727273,0.9934275205200348,0.9217647518405656,0.9591168554827084,1.0163010018521468,3_sp_gt_5,2905119,0.01,3,161,50,15,seq
221,18.484848484848484,1.053834876668324,0.9688205219165906,0.9588939801877744,1.0262584143675,3_sp_gt_5,2905119,0.01,3,161,50,15,seq
222,20.0,0.9998326210680196,1.0336931114829713,1.0016050880907492,1.0346471553556766,3_sp_gt_5,2905119,0.01,3,161,50,15,seq
223,21.21212121212121,0.9899499743780033,1.0068139140128165,1.0274277798065226,1.044207108880784,3_sp_gt_5,2905119,0.01,3,161,50,15,seq
224,22.424242424242426,0.9850357799579936,1.0151641405654734,1.013934430146607,1.0511151434363384,3_sp_gt_5,2905119,0.01,3,161,50,15,seq
225,10.0,2.5440757104950715,0.0,0.7995070231192187,0.9155522067921422,3_sp_gt_5,3049039,0.01,3,161,50,15,seq
226,11.212121212121213,2.447634597526557,0.0,0.8394422474755894,0.9067329084211848,3_sp_gt_5,3049039,0.01,3,161,50,15,seq
227,12.424242424242424,2.3219112796755854,0.0,0.8689721836434198,0.8937475071840771,3_sp_gt_5,3049039,0.01,3,161,50,15,seq
228,13.636363636363637,2.3816394578272213,0.0,0.8276051666480301,0.9264249738430584,3_sp_gt_5,3049039,0.01,3,161,50,15,seq
229,14.84848484848485,2.416770596682289,0.0,0.8657032717057788,0.9218127610380278,3_sp_gt_5,3049039,0.01,3,161,50,15,seq
230,16.060606060606062,2.420102984336141,0.0,0.8727666001145902,0.9237757630652058,3_sp_gt_5,3049039,0.01,3,161,50,15,seq
231,17.272727272727273,2.385860064726329,0.0,0.885934332211615,0.924685373645551,3_sp_gt_5,3049039,0.01,3,161,50,15,seq
232,18.484848484848484,2.396390827296576,0.0,0.8732268079941413,0.91257433138515,3_sp_gt_5,3049039,0.01,3,161,50,15,seq
233,20.0,2.378332739062222,0.0,0.8786180596944523,0.9062906009066332,3_sp_gt_5,3049039,0.01,3,161,50,15,seq
234,21.21212121212121,2.41500593277924,0.0,0.9010662263340709,0.9000571837813472,3_sp_gt_5,3049039,0.01,3,161,50,15,seq
235,22.424242424242426,2.3546193776115496,0.0,0.8942868262839909,0.9154413404176208,3_sp_gt_5,3049039,0.01,3,161,50,15,seq
236,23.63636363636364,2.3379196698003923,0.0,0.8754044701948371,0.8642979782735379,3_sp_gt_5,3049039,0.01,3,161,50,15,seq
237,24.848484848484848,2.38032034328128,0.0,0.864211912565247,0.8592634596295683,3_sp_gt_5,3049039,0.01,3,161,50,15,seq
238,26.060606060606062,2.39928881839812,0.0,0.867874217733731,0.8756698145691253,3_sp_gt_5,3049039,0.01,3,161,50,15,seq
239,27.272727272727277,2.446171655626673,0.0,0.8755378304625479,0.8500723016599407,3_sp_gt_5,3049039,0.01,3,161,50,15,seq
240,0.0,0.05,0.08,0.08,1.0,3_sp_gt_5,3346496,0.01,3,161,50,15,seq
241,1.2121212121212122,0.3195698250808348,0.0118600274341739,0.0447651134138728,1.0203014351311996,3_sp_gt_5,3346496,0.01,3,161,50,15,seq
242,2.4242424242424243,1.4580432103480294,0.0052649732226697,0.034073570183312,0.9678434273124944,3_sp_gt_5,3346496,0.01,3,161,50,15,seq
243,3.6363636363636367,2.797632943624212,0.0238721551642502,0.051629637657518,0.9526717361394734,3_sp_gt_5,3346496,0.01,3,161,50,15,seq
244,4.848484848484849,3.004347217101527,0.4085263010771957,0.1229095353413196,0.9513402492177644,3_sp_gt_5,3346496,0.01,3,161,50,15,seq
245,6.0606060606060606,1.7704193397810049,1.8436313123779664,0.4624111230852525,0.93909139409604,3_sp_gt_5,3346496,0.01,3,161,50,15,seq
246,7.272727272727273,1.0036051849588834,1.5175764907196947,1.0802378167795927,0.9394634128689698,3_sp_gt_5,3346496,0.01,3,161,50,15,seq
247,8.484848484848484,0.7578243426151342,1.152830651287045,1.1730326021930273,0.9537491617033124,3_sp_gt_5,3346496,0.01,3,161,50,15,seq
248,10.0,0.9162028463635375,0.8436111274831222,0.9577820637058452,0.9477596638847184,3_sp_gt_5,3346496,0.01,3,161,50,15,seq
249,11.212121212121213,1.0823780679229504,0.8410779060057041,0.9060508540395488,0.9393057462573604,3_sp_gt_5,3346496,0.01,3,161,50,15,seq
250,12.424242424242424,1.1587321262386892,1.0123830992167062,0.955579745311494,0.9424901630987164,3_sp_gt_5,3346496,0.01,3,161,50,15,seq
251,13.636363636363637,1.014831149918417,1.1288984052295064,1.0665020849517353,0.9060795115876216,3_sp_gt_5,3346496,0.01,3,161,50,15,seq
252,14.84848484848485,0.90542860754936,1.051362492166887,1.060284862506801,0.913813345682816,3_sp_gt_5,3346496,0.01,3,161,50,15,seq
253,16.060606060606062,0.9406451424754964,0.9558032642730752,0.9870699811623737,0.8875522013312649,3_sp_gt_5,3346496,0.01,3,161,50,15,seq
254,17.272727272727273,1.011550092688828,0.9468238337745842,0.944978347623624,0.8857405598964059,3_sp_gt_5,3346496,0.01,3,161,50,15,seq
255,0.0,0.04,0.06,0.03,1.0,3_sp_gt_5,4211685,0.01,3,161,50,15,seq
256,1.2121212121212122,0.2626928739344292,0.0086636584428644,0.0161466792680625,0.9680291492427148,3_sp_gt_5,4211685,0.01,3,161,50,15,seq
257,2.4242424242424243,1.291901179698899,0.0030986204779254,0.011818091453895,0.9674717519885468,3_sp_gt_5,4211685,0.01,3,161,50,15,seq
258,3.6363636363636367,2.7915490980766284,0.0109165436062255,0.0172524167039218,0.9587154986823192,3_sp_gt_5,4211685,0.01,3,161,50,15,seq
259,4.848484848484849,3.096463224306371,0.1974310313411505,0.0423000370924919,0.977931666673962,3_sp_gt_5,4211685,0.01,3,161,50,15,seq
260,6.0606060606060606,2.223976035075022,1.5450206516132134,0.1545136535955311,0.9374794429504,3_sp_gt_5,4211685,0.01,3,161,50,15,seq
261,7.272727272727273,1.387781875857245,1.535344843775492,0.5410084108138145,0.905278457410731,3_sp_gt_5,4211685,0.01,3,161,50,15,seq
262,8.484848484848484,1.0574062275434526,1.3253767540168535,0.9418835864315752,0.9022985518530876,3_sp_gt_5,4211685,0.01,3,161,50,15,seq
263,10.0,0.9136560302729456,1.0976035001869655,1.0579639967390315,0.8858708276011704,3_sp_gt_5,4211685,0.01,3,161,50,15,seq
264,11.212121212121213,0.902961983654881,0.9672576878216322,1.0462357260266288,0.8618099054224013,3_sp_gt_5,4211685,0.01,3,161,50,15,seq
265,12.424242424242424,0.9924999740897416,0.936655981873568,0.9734319921456176,0.8501518456666338,3_sp_gt_5,4211685,0.01,3,161,50,15,seq
266,13.636363636363637,1.027806035130043,0.9753146406255132,0.9642964535653704,0.8701509308661196,3_sp_gt_5,4211685,0.01,3,161,50,15,seq
267,14.84848484848485,1.0309597939099182,1.0070337623705836,1.011891230011548,0.8708484777144831,3_sp_gt_5,4211685,0.01,3,161,50,15,seq
268,16.060606060606062,1.0154421201671258,1.0574207771271198,1.0380310953006375,0.8560278819030098,3_sp_gt_5,4211685,0.01,3,161,50,15,seq
269,17.272727272727273,0.9517777496424176,1.0500642206485162,1.0395674134484825,0.8295812173639461,3_sp_gt_5,4211685,0.01,3,161,50,15,seq
270,10.0,2.4526630220175387,0.0,0.8501650148682085,0.9518074377828706,3_sp_gt_5,4240255,0.01,3,161,50,15,seq
271,11.212121212121213,2.380764755349109,0.0,0.8607412498207708,0.9545774921641036,3_sp_gt_5,4240255,0.01,3,161,50,15,seq
272,12.424242424242424,2.404856425944208,0.0,0.8612058959842264,0.9449544819180328,3_sp_gt_5,4240255,0.01,3,161,50,15,seq
273,13.636363636363637,2.376369876697282,0.0,0.8662754709938666,0.9374221487240764,3_sp_gt_5,4240255,0.01,3,161,50,15,seq
274,14.84848484848485,2.341001564287672,0.0,0.8656639789696303,0.9306797317947694,3_sp_gt_5,4240255,0.01,3,161,50,15,seq
275,16.060606060606062,2.459416118572495,0.0,0.8805442127910195,0.928481396323714,3_sp_gt_5,4240255,0.01,3,161,50,15,seq
276,17.272727272727273,2.3249229876118997,0.0,0.8610269212711805,0.9085273938509222,3_sp_gt_5,4240255,0.01,3,161,50,15,seq
277,18.484848484848484,2.360972436734369,0.0,0.8661801018956705,0.9049580418031776,3_sp_gt_5,4240255,0.01,3,161,50,15,seq
278,20.0,2.3568601419948787,0.0,0.8652765847535469,0.8740863871532608,3_sp_gt_5,4240255,0.01,3,161,50,15,seq
279,21.21212121212121,2.402645598464447,0.0,0.8667816489091781,0.8484875730621485,3_sp_gt_5,4240255,0.01,3,161,50,15,seq
280,22.424242424242426,2.3662703254577195,0.0,0.8563114604094654,0.8455929194485715,3_sp_gt_5,4240255,0.01,3,161,50,15,seq
281,23.63636363636364,2.409288063227506,0.0,0.8263963776288085,0.8388649424894364,3_sp_gt_5,4240255,0.01,3,161,50,15,seq
282,24.848484848484848,2.3907809119154324,0.0,0.8357150018212945,0.8394779431035698,3_sp_gt_5,4240255,0.01,3,161,50,15,seq
283,26.060606060606062,2.347279169137098,0.0,0.8409514795839099,0.800750001464333,3_sp_gt_5,4240255,0.01,3,161,50,15,seq
284,27.272727272727277,2.397881432692567,0.0,0.8670280042265017,0.8127927935426256,3_sp_gt_5,4240255,0.01,3,161,50,15,seq
285,4.848484848484849,3.105809067159203,0.2889274053636712,0.116193174845036,1.018269297137936,3_sp_gt_5,5140131,0.01,3,161,50,15,seq
286,6.0606060606060606,1.950142624919601,1.8046553137615415,0.4256113431278618,1.003006334369447,3_sp_gt_5,5140131,0.01,3,161,50,15,seq
287,7.272727272727273,1.0087756149842562,1.599529434250347,1.044972053660937,1.0209064853050824,3_sp_gt_5,5140131,0.01,3,161,50,15,seq
288,8.484848484848484,0.750944743451266,1.1840888249732615,1.1732882872486632,1.0453156529232568,3_sp_gt_5,5140131,0.01,3,161,50,15,seq
289,10.0,0.8896809530225107,0.8570885367755032,1.0012011329729598,1.0124956560568643,3_sp_gt_5,5140131,0.01,3,161,50,15,seq
290,11.212121212121213,1.0469524462397497,0.8531386163151291,0.90601273340511,1.0032639347533758,3_sp_gt_5,5140131,0.01,3,161,50,15,seq
291,12.424242424242424,1.1413159934653463,0.9675901835831924,0.9301631389883698,1.0070360458953047,3_sp_gt_5,5140131,0.01,3,161,50,15,seq
292,13.636363636363637,1.0434294285823764,1.088818567924791,1.037125240865774,1.0112009947593972,3_sp_gt_5,5140131,0.01,3,161,50,15,seq
293,14.84848484848485,0.949686104154697,1.0693045939659405,1.0506339670355187,1.0214696778796095,3_sp_gt_5,5140131,0.01,3,161,50,15,seq
294,16.060606060606062,0.9313549855090306,0.9746541793217228,1.0138736609158194,1.0649105802834458,3_sp_gt_5,5140131,0.01,3,161,50,15,seq
295,17.272727272727273,1.0070050164996396,0.96999205217346,0.9751704491391686,1.072367201688785,3_sp_gt_5,5140131,0.01,3,161,50,15,seq
296,18.484848484848484,1.03938753865262,0.9944607102891838,0.9872277124397189,1.0818334176525708,3_sp_gt_5,5140131,0.01,3,161,50,15,seq
297,20.0,1.030342813833038,1.0669723098473411,1.0380881562858657,1.0628973668827653,3_sp_gt_5,5140131,0.01,3,161,50,15,seq
298,21.21212121212121,0.9402426577516012,1.0713485240981435,1.0571385975557197,1.0684465748084309,3_sp_gt_5,5140131,0.01,3,161,50,15,seq
299,22.424242424242426,0.9249860976497966,0.9926550150402692,1.0258557402673552,1.08222849441498,3_sp_gt_5,5140131,0.01,3,161,50,15,seq
300,1.2121212121212122,0.2743726778511586,0.0099478170522959,0.011148144866373,1.0181652050119652,3_sp_gt_5,5576645,0.01,3,161,50,15,seq
301,2.4242424242424243,1.360461263412324,0.0038310056688972,0.0084924434264591,1.0038074659691167,3_sp_gt_5,5576645,0.01,3,161,50,15,seq
302,3.6363636363636367,2.811563387603744,0.0159230725161719,0.0129113771680795,1.0059971479034586,3_sp_gt_5,5576645,0.01,3,161,50,15,seq
303,4.848484848484849,3.189735201107732,0.292558779946788,0.0322831033687694,1.0193434345549508,3_sp_gt_5,5576645,0.01,3,161,50,15,seq
304,6.0606060606060606,2.060021516934242,1.8204513375120728,0.1369435097249422,1.0278309049258991,3_sp_gt_5,5576645,0.01,3,161,50,15,seq
305,7.272727272727273,1.316416240857642,1.4630495836627897,0.495970636763934,1.0345073434995848,3_sp_gt_5,5576645,0.01,3,161,50,15,seq
306,8.484848484848484,1.1523261738346102,1.2307475264411811,0.8590513672930645,1.043037578089684,3_sp_gt_5,5576645,0.01,3,161,50,15,seq
307,10.0,0.9638098081101152,1.0877992626172748,1.0450952762343308,1.0388744702713797,3_sp_gt_5,5576645,0.01,3,161,50,15,seq
308,11.212121212121213,0.9263195118186134,1.0084110846828138,1.05193687563521,1.01169944566123,3_sp_gt_5,5576645,0.01,3,161,50,15,seq
309,12.424242424242424,0.962719183086183,0.9760920074546436,1.0131872718635062,1.0353286732365097,3_sp_gt_5,5576645,0.01,3,161,50,15,seq
310,13.636363636363637,1.0043804044597426,0.9533857380210068,0.9727012828016868,1.009259981993076,3_sp_gt_5,5576645,0.01,3,161,50,15,seq
311,14.84848484848485,1.063416200048471,0.9436388543475104,0.9559064936608732,1.0065994234869815,3_sp_gt_5,5576645,0.01,3,161,50,15,seq
312,16.060606060606062,1.054872061459033,1.0150806397283147,0.978972482502622,1.0220283929869804,3_sp_gt_5,5576645,0.01,3,161,50,15,seq
313,17.272727272727273,0.9905776279837148,1.039837267749881,0.9961307836307164,1.035552766110333,3_sp_gt_5,5576645,0.01,3,161,50,15,seq
314,18.484848484848484,1.00244120357645,1.0139677901457942,1.0373812374396256,1.0245462732814012,3_sp_gt_5,5576645,0.01,3,161,50,15,seq
315,2.4242424242424243,1.3583834778137782,0.0,0.0041601220894812,1.0289754008411616,3_sp_gt_5,5589942,0.01,3,161,50,15,seq
316,3.6363636363636367,2.761638834274036,0.0,0.0061167455588858,0.987644074422222,3_sp_gt_5,5589942,0.01,3,161,50,15,seq
317,4.848484848484849,3.2953972812552994,0.0,0.0141181362436857,1.0009027688121526,3_sp_gt_5,5589942,0.01,3,161,50,15,seq
318,6.0606060606060606,3.270703701923612,0.0,0.0380244374349945,1.0310393010897216,3_sp_gt_5,5589942,0.01,3,161,50,15,seq
319,7.272727272727273,3.337789956999694,0.0,0.0983589065362127,1.0322077704634938,3_sp_gt_5,5589942,0.01,3,161,50,15,seq
320,8.484848484848484,3.1469755458117104,0.0,0.236630438519556,1.0651886806135709,3_sp_gt_5,5589942,0.01,3,161,50,15,seq
321,10.0,2.9409694279373637,0.0,0.5146284303203223,1.044988443934868,3_sp_gt_5,5589942,0.01,3,161,50,15,seq
322,11.212121212121213,2.629427296721324,0.0,0.7549077952386667,1.0143292265775512,3_sp_gt_5,5589942,0.01,3,161,50,15,seq
323,12.424242424242424,2.5045096666688225,0.0,0.8219283187865177,1.026690136854324,3_sp_gt_5,5589942,0.01,3,161,50,15,seq
324,13.636363636363637,2.456058590445316,0.0,0.8809967385800006,1.0028072935667989,3_sp_gt_5,5589942,0.01,3,161,50,15,seq
325,14.84848484848485,2.356292248032891,0.0,0.8710062434416328,1.0099325873711067,3_sp_gt_5,5589942,0.01,3,161,50,15,seq
326,16.060606060606062,2.3520924032782435,0.0,0.856218428858631,0.9898019661797204,3_sp_gt_5,5589942,0.01,3,161,50,15,seq
327,17.272727272727273,2.390915911541727,0.0,0.8584848857375796,0.9532103911716864,3_sp_gt_5,5589942,0.01,3,161,50,15,seq
328,18.484848484848484,2.368476954857313,0.0,0.892214248651902,0.9581878833191584,3_sp_gt_5,5589942,0.01,3,161,50,15,seq
329,20.0,2.390834980556262,0.0,0.8664847748358228,0.9701400589063356,3_sp_gt_5,5589942,0.01,3,161,50,15,seq
330,4.848484848484849,3.2055300516327443,0.148809919276928,0.0623516283235194,0.9303738708199256,3_sp_gt_5,5614865,0.01,3,161,50,15,seq
331,6.0606060606060606,2.257717647240547,1.531753286593326,0.2165779810500893,0.9282254332298174,3_sp_gt_5,5614865,0.01,3,161,50,15,seq
332,7.272727272727273,1.3008441193797369,1.6690129667629416,0.7418210028985602,0.9279267169976432,3_sp_gt_5,5614865,0.01,3,161,50,15,seq
333,8.484848484848484,0.8833318917804349,1.3157105771988626,1.120341316480929,0.9548587057032892,3_sp_gt_5,5614865,0.01,3,161,50,15,seq
334,10.0,0.824775154414198,0.9328504527525748,1.0252631945050428,0.9596828382234414,3_sp_gt_5,5614865,0.01,3,161,50,15,seq
335,11.212121212121213,0.9825946945722392,0.8074226168819232,0.9018095119845584,0.9469831109957568,3_sp_gt_5,5614865,0.01,3,161,50,15,seq
336,12.424242424242424,1.1502697255586845,0.8870754814171933,0.8779807153614664,0.9521433723634763,3_sp_gt_5,5614865,0.01,3,161,50,15,seq
337,13.636363636363637,1.1110596936655086,1.0669384488436442,0.9663783669123228,0.9342064702146584,3_sp_gt_5,5614865,0.01,3,161,50,15,seq
338,14.84848484848485,1.0030372365141995,1.1069008701704557,1.0378100786188704,0.9108541967539904,3_sp_gt_5,5614865,0.01,3,161,50,15,seq
339,16.060606060606062,0.9344119584326156,1.0371418568540771,1.0593594543852465,0.9278919638964144,3_sp_gt_5,5614865,0.01,3,161,50,15,seq
340,17.272727272727273,0.9584590297746148,0.9932892091917184,1.00966365339098,0.9474085091485284,3_sp_gt_5,5614865,0.01,3,161,50,15,seq
341,18.484848484848484,1.0097278534672465,0.9364673280273468,0.9630723117024854,0.9477390035209629,3_sp_gt_5,5614865,0.01,3,161,50,15,seq
342,20.0,1.0445172333827444,1.042336795686326,0.9972115320232396,0.9707764161471192,3_sp_gt_5,5614865,0.01,3,161,50,15,seq
343,21.21212121212121,0.9722370138373166,1.065698966168223,1.0286739004812229,0.9649970622605992,3_sp_gt_5,5614865,0.01,3,161,50,15,seq
344,22.424242424242426,0.9626221742417792,1.0339770549618843,1.0500086560919548,0.9761961542900351,3_sp_gt_5,5614865,0.01,3,161,50,15,seq
345,1.2121212121212122,0.3280914475838918,0.0133563229914397,0.0396589079450747,1.009286196932693,3_sp_gt_5,6543552,0.01,3,161,50,15,seq
346,2.4242424242424243,1.4935911286789674,0.0060399668947425,0.0302329757346198,1.0417334118915174,3_sp_gt_5,6543552,0.01,3,161,50,15,seq
347,3.6363636363636367,2.821716642819538,0.0278897648907462,0.0455336779366841,1.0593233694408295,3_sp_gt_5,6543552,0.01,3,161,50,15,seq
348,4.848484848484849,2.937993621113364,0.4799793603517617,0.1137459826131544,1.0593733435632229,3_sp_gt_5,6543552,0.01,3,161,50,15,seq
349,6.0606060606060606,1.7490865113994776,1.8704936519653328,0.4470139339654138,1.111553431788212,3_sp_gt_5,6543552,0.01,3,161,50,15,seq
350,7.272727272727273,1.0112022224693178,1.5438685809708192,1.083211684805747,1.1026868015639668,3_sp_gt_5,6543552,0.01,3,161,50,15,seq
351,8.484848484848484,0.7344870366262888,1.180876385814335,1.2113573609492485,1.1029556305025143,3_sp_gt_5,6543552,0.01,3,161,50,15,seq
352,10.0,0.8268055457579333,0.8226925932163406,0.9770436560096776,1.130864615487549,3_sp_gt_5,6543552,0.01,3,161,50,15,seq
353,11.212121212121213,1.0525512071098702,0.7859802960762039,0.8302373561349677,1.1306701394055354,3_sp_gt_5,6543552,0.01,3,161,50,15,seq
354,12.424242424242424,1.183312436771442,0.9341755198195044,0.8990287435071377,1.1437957308087492,3_sp_gt_5,6543552,0.01,3,161,50,15,seq
355,13.636363636363637,1.099666429128658,1.1575098764017373,1.038313794381247,1.182250273438017,3_sp_gt_5,6543552,0.01,3,161,50,15,seq
356,14.84848484848485,0.8950007151223596,1.129982961066993,1.129842043387571,1.138844166850084,3_sp_gt_5,6543552,0.01,3,161,50,15,seq
357,16.060606060606062,0.8582611723643165,0.9995213454208768,1.0591456961302552,1.1365406626324377,3_sp_gt_5,6543552,0.01,3,161,50,15,seq
358,17.272727272727273,0.9335000545680358,0.8869664867894339,0.965548432507169,1.1362353700751813,3_sp_gt_5,6543552,0.01,3,161,50,15,seq
359,18.484848484848484,1.050147005970404,0.8824143763762581,0.8992837147942949,1.151070111854582,3_sp_gt_5,6543552,0.01,3,161,50,15,seq
360,7.272727272727273,1.1212878956084416,1.4574033581051806,0.8493694212955604,1.02935051581054,3_sp_gt_5,6550368,0.01,3,161,50,15,seq
361,8.484848484848484,0.914303704286466,1.1706105754420617,1.073744893038176,1.0275798402374354,3_sp_gt_5,6550368,0.01,3,161,50,15,seq
362,10.0,0.9019718152115525,0.9560425006861374,1.0054882310854596,1.016962668829758,3_sp_gt_5,6550368,0.01,3,161,50,15,seq
363,11.212121212121213,1.0527760852022965,0.8962200741871981,0.9266005662307154,1.0186713176513231,3_sp_gt_5,6550368,0.01,3,161,50,15,seq
364,12.424242424242424,1.088281528623829,0.9782464970053316,0.9683307487551024,1.0403564914918395,3_sp_gt_5,6550368,0.01,3,161,50,15,seq
365,13.636363636363637,1.0544842026231582,1.093120337361619,1.028596528167542,1.0349373929668289,3_sp_gt_5,6550368,0.01,3,161,50,15,seq
366,14.84848484848485,0.9421352417391576,1.1010819106692589,1.0735841485661857,1.0312649444767343,3_sp_gt_5,6550368,0.01,3,161,50,15,seq
367,16.060606060606062,0.9132757268514428,1.0253337598785892,1.040121991207963,1.0059360791733598,3_sp_gt_5,6550368,0.01,3,161,50,15,seq
368,17.272727272727273,0.9624708069440084,0.9569461912897286,0.9843502409952856,0.9964532696555998,3_sp_gt_5,6550368,0.01,3,161,50,15,seq
369,18.484848484848484,1.0213115981344807,0.9588107499943896,0.9464455979877892,0.9814626160582564,3_sp_gt_5,6550368,0.01,3,161,50,15,seq
370,20.0,1.0330742219198998,0.9890825860259018,0.9811956297886724,0.9555712363077344,3_sp_gt_5,6550368,0.01,3,161,50,15,seq
371,21.21212121212121,1.0009002793573032,1.0701810543786323,1.0251750728792175,0.9765276384051118,3_sp_gt_5,6550368,0.01,3,161,50,15,seq
372,22.424242424242426,0.9675422255082686,1.0193122446243668,1.0045726785140143,0.9380371001346082,3_sp_gt_5,6550368,0.01,3,161,50,15,seq
373,23.63636363636364,0.9805434793818332,0.9776830199406056,1.0085713508616887,0.9951111544078106,3_sp_gt_5,6550368,0.01,3,161,50,15,seq
374,24.848484848484848,1.020347436562229,0.9638660285727384,0.9647465068617432,1.0149380062098132,3_sp_gt_5,6550368,0.01,3,161,50,15,seq
375,6.0606060606060606,1.2761292396009525,1.8435465063545071,0.8207096305648466,0.9785917965592088,3_sp_gt_5,6667140,0.01,3,161,50,15,seq
376,7.272727272727273,0.7756385194830719,1.3162437721779752,1.1664032700181963,1.0043286510833598,3_sp_gt_5,6667140,0.01,3,161,50,15,seq
377,8.484848484848484,0.7898400095369305,0.9378949213194886,1.050890997833675,0.9875421877447546,3_sp_gt_5,6667140,0.01,3,161,50,15,seq
378,10.0,1.036015178033527,0.7874594128490048,0.8662043182016241,0.9969655887503476,3_sp_gt_5,6667140,0.01,3,161,50,15,seq
379,11.212121212121213,1.1989565562665787,0.9553962988370884,0.897386443322373,1.0091922161588367,3_sp_gt_5,6667140,0.01,3,161,50,15,seq
380,12.424242424242424,1.0770413951776092,1.0959338500471765,1.0116427075160188,1.0103357289197734,3_sp_gt_5,6667140,0.01,3,161,50,15,seq
381,13.636363636363637,0.9825138862785552,1.0862697708130375,1.0682584454334845,0.9917713273941076,3_sp_gt_5,6667140,0.01,3,161,50,15,seq
382,14.84848484848485,0.9126986890924358,1.0417573517990577,1.0615185299071768,1.0457985904738756,3_sp_gt_5,6667140,0.01,3,161,50,15,seq
383,16.060606060606062,0.957800070735123,0.926673093325434,0.9897200624367514,1.0188169867422676,3_sp_gt_5,6667140,0.01,3,161,50,15,seq
384,17.272727272727273,1.0481614503176593,0.9339173943406996,0.9555390003247456,1.00222337495103,3_sp_gt_5,6667140,0.01,3,161,50,15,seq
385,18.484848484848484,1.0616164935325438,1.0254180133151227,0.9626843865565522,1.0258993083989036,3_sp_gt_5,6667140,0.01,3,161,50,15,seq
386,20.0,0.9863405297680546,1.0421846457982726,1.0364360875351537,1.028175851904316,3_sp_gt_5,6667140,0.01,3,161,50,15,seq
387,21.21212121212121,0.95483308721994,1.0068739947419962,1.022373385400242,1.0144472520281345,3_sp_gt_5,6667140,0.01,3,161,50,15,seq
388,22.424242424242426,0.9951559864132344,0.9619209431797427,0.9994544080013104,0.9872341261679296,3_sp_gt_5,6667140,0.01,3,161,50,15,seq
389,23.63636363636364,1.0228770205282471,0.9794601274998632,1.005606747493604,0.9737997180467306,3_sp_gt_5,6667140,0.01,3,161,50,15,seq
390,7.272727272727273,3.2098542275459625,0.0,0.182662279573203,1.0395970436394544,3_sp_gt_5,7964854,0.01,3,161,50,15,seq
391,8.484848484848484,3.053674150909792,0.0,0.3936344340250193,1.030538412846841,3_sp_gt_5,7964854,0.01,3,161,50,15,seq
392,10.0,2.716970219695487,0.0,0.6894482865103594,0.992232647957489,3_sp_gt_5,7964854,0.01,3,161,50,15,seq
393,11.212121212121213,2.4920436633589382,0.0,0.8185188303349132,0.966796994675002,3_sp_gt_5,7964854,0.01,3,161,50,15,seq
394,12.424242424242424,2.4279843800206105,0.0,0.8989569016079046,0.9855782755538792,3_sp_gt_5,7964854,0.01,3,161,50,15,seq
395,13.636363636363637,2.446792178773248,0.0,0.8746758508753109,1.0054020602038178,3_sp_gt_5,7964854,0.01,3,161,50,15,seq
396,14.84848484848485,2.422993470137481,0.0,0.8691941481617983,1.0152870516300847,3_sp_gt_5,7964854,0.01,3,161,50,15,seq
397,16.060606060606062,2.36971911921642,0.0,0.8925804568762256,1.0526601456515816,3_sp_gt_5,7964854,0.01,3,161,50,15,seq
398,17.272727272727273,2.3681474361759305,0.0,0.867819963932505,1.0573443658286787,3_sp_gt_5,7964854,0.01,3,161,50,15,seq
399,18.484848484848484,2.355063166949642,0.0,0.8314407327912866,1.0430127467101522,3_sp_gt_5,7964854,0.01,3,161,50,15,seq
400,20.0,2.4227093606294474,0.0,0.8522429307283423,1.055275611768957,3_sp_gt_5,7964854,0.01,3,161,50,15,seq
401,21.21212121212121,2.4232123348834014,0.0,0.8423946524450422,1.0231160489621731,3_sp_gt_5,7964854,0.01,3,161,50,15,seq
402,22.424242424242426,2.448487183453285,0.0,0.862728695890461,1.0255868417186658,3_sp_gt_5,7964854,0.01,3,161,50,15,seq
403,23.63636363636364,2.3355985135758863,0.0,0.8733525472474694,1.04946587528131,3_sp_gt_5,7964854,0.01,3,161,50,15,seq
404,24.848484848484848,2.355271317917838,0.0,0.8601719975366385,1.077371129240903,3_sp_gt_5,7964854,0.01,3,161,50,15,seq
405,1.2121212121212122,0.2144148878598384,0.0115868774499513,0.016616031503488,1.0170853169461582,3_sp_gt_5,8139908,0.01,3,161,50,15,seq
406,2.4242424242424243,1.1367381217289692,0.0034243532606104,0.0116510851702188,1.0167950287654797,3_sp_gt_5,8139908,0.01,3,161,50,15,seq
407,3.6363636363636367,2.7329617671006603,0.0102781647531798,0.0161947919322582,1.0012218248545688,3_sp_gt_5,8139908,0.01,3,161,50,15,seq
408,4.848484848484849,3.10841475368156,0.1763243673850294,0.0392968808965545,1.010144690918772,3_sp_gt_5,8139908,0.01,3,161,50,15,seq
409,6.0606060606060606,2.287608576445708,1.6041817241360206,0.1420224106509602,1.0656604030667425,3_sp_gt_5,8139908,0.01,3,161,50,15,seq
410,7.272727272727273,1.341850189122945,1.5830413970229755,0.544663279367982,1.0409094373834131,3_sp_gt_5,8139908,0.01,3,161,50,15,seq
411,8.484848484848484,1.057384883967675,1.236827613525427,0.9178705531029708,1.036008889101919,3_sp_gt_5,8139908,0.01,3,161,50,15,seq
412,10.0,0.9250548396289436,1.0445842329009605,1.0275429268784373,1.0060112124596694,3_sp_gt_5,8139908,0.01,3,161,50,15,seq
413,11.212121212121213,0.9557820401350828,0.9542227939717663,0.9890412625952698,1.000391046471221,3_sp_gt_5,8139908,0.01,3,161,50,15,seq
414,12.424242424242424,1.0380870806836433,0.9573139253764116,0.9719645639190394,1.001592089268654,3_sp_gt_5,8139908,0.01,3,161,50,15,seq
415,13.636363636363637,1.0218696304792625,1.015015758371085,0.9655463699201484,1.0204244079551883,3_sp_gt_5,8139908,0.01,3,161,50,15,seq
416,14.84848484848485,1.0151323236264622,1.008419985387126,0.9788072085428472,1.004309656774036,3_sp_gt_5,8139908,0.01,3,161,50,15,seq
417,16.060606060606062,1.013445374132626,0.9846282430772624,1.005007210207629,1.0201726255505812,3_sp_gt_5,8139908,0.01,3,161,50,15,seq
418,17.272727272727273,0.9783881226456944,1.014291715333666,1.0077050390513027,1.005672411851385,3_sp_gt_5,8139908,0.01,3,161,50,15,seq
419,18.484848484848484,0.9731401315072956,1.0025507046589874,1.0142921556192457,0.9994892769081264,3_sp_gt_5,8139908,0.01,3,161,50,15,seq
420,8.484848484848484,0.7026490668438243,1.007008435188022,1.12143000298844,0.9540018009976804,3_sp_gt_5,8493390,0.01,3,161,50,15,seq
421,10.0,0.9782038228702656,0.7185587397834355,0.8829367277140753,0.9102134055625272,3_sp_gt_5,8493390,0.01,3,161,50,15,seq
422,11.212121212121213,1.2275638204239123,0.8121676093711696,0.8473822888171841,0.9218265366011642,3_sp_gt_5,8493390,0.01,3,161,50,15,seq
423,12.424242424242424,1.1898998484514816,1.1217656251758872,0.996138056303928,0.9249858470506612,3_sp_gt_5,8493390,0.01,3,161,50,15,seq
424,13.636363636363637,0.9665653840093524,1.2219500109486352,1.144001980055883,0.9266614170992932,3_sp_gt_5,8493390,0.01,3,161,50,15,seq
425,14.84848484848485,0.8205063012282143,1.0662307701827058,1.137376774773184,0.8930338212329026,3_sp_gt_5,8493390,0.01,3,161,50,15,seq
426,16.060606060606062,0.9038554547388462,0.89420925149567,0.996385021938512,0.8804662155250625,3_sp_gt_5,8493390,0.01,3,161,50,15,seq
427,17.272727272727273,1.040903979953421,0.8347673605444056,0.8986583659359935,0.8855397119751868,3_sp_gt_5,8493390,0.01,3,161,50,15,seq
428,18.484848484848484,1.1192118681497267,1.0010333870139354,0.9145092186839248,0.8832487225932879,3_sp_gt_5,8493390,0.01,3,161,50,15,seq
429,20.0,1.0052836813084391,1.099331597958178,1.0449352105736678,0.8734868316462759,3_sp_gt_5,8493390,0.01,3,161,50,15,seq
430,21.21212121212121,0.9430333659290088,1.0914477776025024,1.0645286277114672,0.8660512522098904,3_sp_gt_5,8493390,0.01,3,161,50,15,seq
431,22.424242424242426,0.9267499299983044,1.0053610374451525,1.0369879584064183,0.8625765571872245,3_sp_gt_5,8493390,0.01,3,161,50,15,seq
432,23.63636363636364,0.9815622099356042,0.9383638515530522,0.9725346847560994,0.8540593212013945,3_sp_gt_5,8493390,0.01,3,161,50,15,seq
433,24.848484848484848,1.0493151299417571,0.9467412267095568,0.982387456215017,0.8671868756286012,3_sp_gt_5,8493390,0.01,3,161,50,15,seq
434,26.060606060606062,1.0386518482887532,1.0325472398386657,1.0235057401394811,0.886282041402448,3_sp_gt_5,8493390,0.01,3,161,50,15,seq
435,6.0606060606060606,1.5773566168124682,1.7296365539615266,0.3036768425009162,1.0359411842946298,3_sp_gt_5,8717317,0.01,3,161,50,15,seq
436,7.272727272727273,1.1964497855647998,1.387149041758807,0.7314677679439598,1.0202904478900965,3_sp_gt_5,8717317,0.01,3,161,50,15,seq
437,8.484848484848484,1.0076309977112443,1.1479090508689065,1.0025108626873538,1.0270019520870994,3_sp_gt_5,8717317,0.01,3,161,50,15,seq
438,10.0,0.9065508708532254,1.0541360116089853,1.0810266494937442,1.0414024332702352,3_sp_gt_5,8717317,0.01,3,161,50,15,seq
439,11.212121212121213,0.901692482571914,0.9405676746727306,1.015354661471157,1.0482226906684524,3_sp_gt_5,8717317,0.01,3,161,50,15,seq
440,12.424242424242424,1.0188217656032204,0.8773062050768936,0.9427976742123708,1.0459701820358769,3_sp_gt_5,8717317,0.01,3,161,50,15,seq
441,13.636363636363637,1.0726832265004953,0.952254988789274,0.959861347001689,1.058699382815433,3_sp_gt_5,8717317,0.01,3,161,50,15,seq
442,14.84848484848485,1.0235645888877545,1.059296057019924,1.0169534357340857,1.0293828068327933,3_sp_gt_5,8717317,0.01,3,161,50,15,seq
443,16.060606060606062,0.944400478494146,1.0488205972236837,1.0675597687577052,1.0522217591695615,3_sp_gt_5,8717317,0.01,3,161,50,15,seq
444,17.272727272727273,0.9333097865978102,0.9875646840412444,1.0032032765375596,1.0739077152725705,3_sp_gt_5,8717317,0.01,3,161,50,15,seq
445,18.484848484848484,1.0042006111219226,0.9508347988708248,0.9702189511595896,1.0915645450691212,3_sp_gt_5,8717317,0.01,3,161,50,15,seq
446,20.0,1.0807416652585766,1.0237123406430946,0.9661344182858408,1.0903963602711455,3_sp_gt_5,8717317,0.01,3,161,50,15,seq
447,21.21212121212121,1.003698842438412,1.0531850618440315,1.0057136100467443,1.0995380759606244,3_sp_gt_5,8717317,0.01,3,161,50,15,seq
448,22.424242424242426,1.003500051467496,1.0427014797864214,1.0289090870332858,1.1118840016989258,3_sp_gt_5,8717317,0.01,3,161,50,15,seq
449,23.63636363636364,0.9716985014301458,1.0225712598056045,1.0708710251057956,1.108699676279106,3_sp_gt_5,8717317,0.01,3,161,50,15,seq
450,4.848484848484849,3.271088377758653,0.0,0.0436451256213223,1.029091603192024,3_sp_gt_5,8745245,0.01,3,161,50,15,seq
451,6.0606060606060606,3.279508237299376,0.0,0.1074925147337033,1.0563515554325398,3_sp_gt_5,8745245,0.01,3,161,50,15,seq
452,7.272727272727273,3.1752167863974115,0.0,0.2531712263301968,1.0468592628180602,3_sp_gt_5,8745245,0.01,3,161,50,15,seq
453,8.484848484848484,3.012423903533476,0.0,0.490238389220146,1.0313122843074116,3_sp_gt_5,8745245,0.01,3,161,50,15,seq
454,10.0,2.567654206339799,0.0,0.7699169017408886,1.03450214718112,3_sp_gt_5,8745245,0.01,3,161,50,15,seq
455,11.212121212121213,2.464541310751934,0.0,0.8600629874932177,1.0493410855617733,3_sp_gt_5,8745245,0.01,3,161,50,15,seq
456,12.424242424242424,2.3936492584850573,0.0,0.8873280460223315,1.082620240188893,3_sp_gt_5,8745245,0.01,3,161,50,15,seq
457,13.636363636363637,2.3250519267764345,0.0,0.8743966739163102,1.0821695860348066,3_sp_gt_5,8745245,0.01,3,161,50,15,seq
458,14.84848484848485,2.386166647528485,0.0,0.8652838225622929,1.0739975479275845,3_sp_gt_5,8745245,0.01,3,161,50,15,seq
459,16.060606060606062,2.4025921342172,0.0,0.8743241858542379,1.099957895700119,3_sp_gt_5,8745245,0.01,3,161,50,15,seq
460,17.272727272727273,2.410751714795956,0.0,0.904488964518912,1.080753227400372,3_sp_gt_5,8745245,0.01,3,161,50,15,seq
461,18.484848484848484,2.384571325293655,0.0,0.9004426826710099,1.0822555079864686,3_sp_gt_5,8745245,0.01,3,161,50,15,seq
462,20.0,2.3503414703626824,0.0,0.8516919679481815,1.0581031301143555,3_sp_gt_5,8745245,0.01,3,161,50,15,seq
463,21.21212121212121,2.41561525929269,0.0,0.840053841841339,1.0672179031249929,3_sp_gt_5,8745245,0.01,3,161,50,15,seq
464,22.424242424242426,2.4496402091978364,0.0,0.8983959665398222,1.0582270363382391,3_sp_gt_5,8745245,0.01,3,161,50,15,seq
465,1.2121212121212122,0.5565847254069933,0.0156562962806932,0.0471137139483062,0.9817140050683676,3_sp_gt_5,8982779,0.01,3,161,50,15,seq
466,2.4242424242424243,1.9959104261662972,0.0137354093520442,0.0429765380378131,0.9949197538347504,3_sp_gt_5,8982779,0.01,3,161,50,15,seq
467,3.6363636363636367,2.9792212323190213,0.1163179476306793,0.0811634744180987,0.9892102227019832,3_sp_gt_5,8982779,0.01,3,161,50,15,seq
468,4.848484848484849,2.48552865871378,1.2296036692419998,0.2344690291145634,0.9890562478770316,3_sp_gt_5,8982779,0.01,3,161,50,15,seq
469,6.0606060606060606,1.2290437220776729,1.7802068807986102,0.8231551058957677,1.0383763286873826,3_sp_gt_5,8982779,0.01,3,161,50,15,seq
470,7.272727272727273,0.7982884521202418,1.2808675909697385,1.1902321252942252,0.9948501491899632,3_sp_gt_5,8982779,0.01,3,161,50,15,seq
471,8.484848484848484,0.7814075501539798,0.9550949404481952,1.0487318450728438,0.9682711302496548,3_sp_gt_5,8982779,0.01,3,161,50,15,seq
472,10.0,1.0415116517451422,0.8290064383776522,0.903033896213146,0.9426131268636536,3_sp_gt_5,8982779,0.01,3,161,50,15,seq
473,11.212121212121213,1.1284408348234731,0.9567595611513212,0.9155554008745171,0.9509449490829968,3_sp_gt_5,8982779,0.01,3,161,50,15,seq
474,12.424242424242424,1.089510633359251,1.100587053860386,1.007290488583513,0.9549972126315444,3_sp_gt_5,8982779,0.01,3,161,50,15,seq
475,13.636363636363637,0.9399404722409852,1.1053399953479393,1.100955738580594,0.9093776316555268,3_sp_gt_5,8982779,0.01,3,161,50,15,seq
476,14.84848484848485,0.919822329062032,1.004602194085676,1.039999760510687,0.92319256219606,3_sp_gt_5,8982779,0.01,3,161,50,15,seq
477,16.060606060606062,0.9476664678697736,0.9502666435344485,0.997127644877682,0.9274037831919484,3_sp_gt_5,8982779,0.01,3,161,50,15,seq
478,17.272727272727273,1.039488675450255,0.9344600863968596,0.9537699590898168,0.9084720440331152,3_sp_gt_5,8982779,0.01,3,161,50,15,seq
479,18.484848484848484,1.0635447653024577,1.0039770822438043,0.9896875814997524,0.8964477635289491,3_sp_gt_5,8982779,0.01,3,161,50,15,seq
480,2.4242424242424243,1.6732412859766084,0.0069177886798276,0.0202690110920909,0.9784963533983156,3_sp_gt_5,9036584,0.01,3,161,50,15,seq
481,3.6363636363636367,2.828680643052608,0.0399149141623079,0.0346701673640314,0.9891328811546516,3_sp_gt_5,9036584,0.01,3,161,50,15,seq
482,4.848484848484849,2.884720788002375,0.6350961990585715,0.0922680083016167,0.9621648784051868,3_sp_gt_5,9036584,0.01,3,161,50,15,seq
483,6.0606060606060606,1.6490814123701272,1.8086656900082865,0.3941813691547963,0.9519233732338231,3_sp_gt_5,9036584,0.01,3,161,50,15,seq
484,7.272727272727273,1.0767771766194083,1.4393933346875647,0.9215977688766888,0.9582417223578114,3_sp_gt_5,9036584,0.01,3,161,50,15,seq
485,8.484848484848484,0.8792354627431535,1.1599847038790787,1.0984413908623083,0.9865021518619894,3_sp_gt_5,9036584,0.01,3,161,50,15,seq
486,10.0,0.912774011021174,0.902899419260188,0.9927180469794802,1.0180665172834482,3_sp_gt_5,9036584,0.01,3,161,50,15,seq
487,11.212121212121213,1.0529367355140895,0.8867942505158117,0.9569753664069114,1.020404071949167,3_sp_gt_5,9036584,0.01,3,161,50,15,seq
488,12.424242424242424,1.103000009975557,0.9956646587365692,0.9919268311538988,1.0241949700901385,3_sp_gt_5,9036584,0.01,3,161,50,15,seq
489,13.636363636363637,1.0151107678324978,1.0962562568041367,1.0455257506943636,0.9990981762410928,3_sp_gt_5,9036584,0.01,3,161,50,15,seq
490,14.84848484848485,0.9196276953026415,1.0785952706290438,1.0500811272472357,0.9958217928062486,3_sp_gt_5,9036584,0.01,3,161,50,15,seq
491,16.060606060606062,0.9278914684876772,0.9618186437731798,1.0028623981216351,0.9847756748880272,3_sp_gt_5,9036584,0.01,3,161,50,15,seq
492,17.272727272727273,1.0151007651003128,0.919243958147487,0.970916997498799,0.97022767214853,3_sp_gt_5,9036584,0.01,3,161,50,15,seq
493,18.484848484848484,1.0381278238112492,0.9845979980740728,0.9668497482578624,0.935637651780313,3_sp_gt_5,9036584,0.01,3,161,50,15,seq
494,20.0,1.0375312821692813,1.0146586446130992,0.9836230518926362,0.9181179417644412,3_sp_gt_5,9036584,0.01,3,161,50,15,seq
495,1.2121212121212122,0.2820646736035552,0.0054635805770542,0.0055613467518412,1.039905182686788,3_sp_gt_5,9104526,0.01,3,161,50,15,seq
496,2.4242424242424243,1.3249729358841276,0.0,0.0041166011515862,1.0289237435798593,3_sp_gt_5,9104526,0.01,3,161,50,15,seq
497,3.6363636363636367,2.8035770111288416,0.0,0.0062959905339644,1.0354461368563423,3_sp_gt_5,9104526,0.01,3,161,50,15,seq
498,4.848484848484849,3.187188201095931,0.0,0.014463832227427,1.023004769994381,3_sp_gt_5,9104526,0.01,3,161,50,15,seq
499,6.0606060606060606,3.25156990210858,0.0,0.037077107207741,1.0262396067348707,3_sp_gt_5,9104526,0.01,3,161,50,15,seq
500,7.272727272727273,3.272910929079889,0.0,0.0952717376886711,1.0133575885799422,3_sp_gt_5,9104526,0.01,3,161,50,15,seq
501,8.484848484848484,3.136364776608003,0.0,0.2251975135574158,1.0443000230708837,3_sp_gt_5,9104526,0.01,3,161,50,15,seq
502,10.0,2.8714719513644176,0.0,0.5094004452531722,1.0449322908996836,3_sp_gt_5,9104526,0.01,3,161,50,15,seq
503,11.212121212121213,2.760316849318481,0.0,0.7310759919078736,1.04573939683754,3_sp_gt_5,9104526,0.01,3,161,50,15,seq
504,12.424242424242424,2.47100666326808,0.0,0.8668074332244383,1.0517251712152706,3_sp_gt_5,9104526,0.01,3,161,50,15,seq
505,13.636363636363637,2.3783610939180573,0.0,0.8672512655468528,1.0388331655863057,3_sp_gt_5,9104526,0.01,3,161,50,15,seq
506,14.84848484848485,2.3833600922966043,0.0,0.8372469672913254,1.0588067825458505,3_sp_gt_5,9104526,0.01,3,161,50,15,seq
507,16.060606060606062,2.407993780107913,0.0,0.8404784720243368,1.0644590030595389,3_sp_gt_5,9104526,0.01,3,161,50,15,seq
508,17.272727272727273,2.4340859194440854,0.0,0.8734732383717339,1.0625417138651692,3_sp_gt_5,9104526,0.01,3,161,50,15,seq
509,18.484848484848484,2.3441488000941004,0.0,0.8603222851011654,1.0632343072710408,3_sp_gt_5,9104526,0.01,3,161,50,15,seq
510,1.2121212121212122,0.5540698650313707,0.0151070107235701,0.0060582968982423,0.9737632159941184,3_sp_gt_5,9275155,0.01,3,161,50,15,seq
511,2.4242424242424243,2.026569522415308,0.0134630372879096,0.005885854166298,0.9464789156521548,3_sp_gt_5,9275155,0.01,3,161,50,15,seq
512,3.6363636363636367,3.043579671569134,0.1284944293793506,0.0116013067113555,0.939318244085539,3_sp_gt_5,9275155,0.01,3,161,50,15,seq
513,4.848484848484849,2.4849699314573868,1.288085551315773,0.037921571314114,0.9087874321384732,3_sp_gt_5,9275155,0.01,3,161,50,15,seq
514,6.0606060606060606,1.565452837727449,1.622694160491106,0.1799346141184208,0.9252336038729329,3_sp_gt_5,9275155,0.01,3,161,50,15,seq
515,7.272727272727273,1.3785339161338868,1.2507092357880856,0.4589318317878744,0.907187687012998,3_sp_gt_5,9275155,0.01,3,161,50,15,seq
516,8.484848484848484,1.2215219407836526,1.2174541465805218,0.7946592031001389,0.8833705606832819,3_sp_gt_5,9275155,0.01,3,161,50,15,seq
517,10.0,0.9802418143514122,1.2333798423478943,1.0705586181585296,0.8955077924337345,3_sp_gt_5,9275155,0.01,3,161,50,15,seq
518,11.212121212121213,0.8651353151293375,1.0608147126053176,1.0887324218428946,0.9052843330000248,3_sp_gt_5,9275155,0.01,3,161,50,15,seq
519,12.424242424242424,0.9039645947590674,0.887203176245951,0.9557520809278032,0.88362652679543,3_sp_gt_5,9275155,0.01,3,161,50,15,seq
520,13.636363636363637,1.063885808247096,0.858940389370658,0.8837098464332778,0.9128583987860291,3_sp_gt_5,9275155,0.01,3,161,50,15,seq
521,14.84848484848485,1.1328398650090687,0.9873900391466832,0.9363686662571692,0.9189537952541468,3_sp_gt_5,9275155,0.01,3,161,50,15,seq
522,16.060606060606062,1.049745594821649,1.1204053577760666,0.989035967590251,0.9125870267910204,3_sp_gt_5,9275155,0.01,3,161,50,15,seq
523,17.272727272727273,0.9151555862202392,1.0582879932138642,1.04555552066186,0.9212571609439302,3_sp_gt_5,9275155,0.01,3,161,50,15,seq
524,18.484848484848484,0.9327332343331874,0.9729040094422896,1.006007431480994,0.92592192503863,3_sp_gt_5,9275155,0.01,3,161,50,15,seq
525,1.2121212121212122,0.2706029710870672,0.0068011694189737,0.005623558549178,0.9598099107583956,3_sp_gt_5,9638443,0.01,3,161,50,15,seq
526,2.4242424242424243,1.3477923325456471,0.0,0.0042382728464364,0.941929957056196,3_sp_gt_5,9638443,0.01,3,161,50,15,seq
527,3.6363636363636367,2.809031716760296,0.0,0.0065676869178662,0.9435756125310096,3_sp_gt_5,9638443,0.01,3,161,50,15,seq
528,4.848484848484849,3.2125054834023605,0.0,0.0157371908002066,0.9319422141786066,3_sp_gt_5,9638443,0.01,3,161,50,15,seq
529,6.0606060606060606,3.337024323781664,0.0,0.0412871679919888,0.9220188615452068,3_sp_gt_5,9638443,0.01,3,161,50,15,seq
530,7.272727272727273,3.257899654960092,0.0,0.1044981468160908,0.947602641933086,3_sp_gt_5,9638443,0.01,3,161,50,15,seq
531,8.484848484848484,3.1725075976752914,0.0,0.2377948793151316,0.9146830859282884,3_sp_gt_5,9638443,0.01,3,161,50,15,seq
532,10.0,2.836043415634021,0.0,0.4972061658127633,0.8991211277812222,3_sp_gt_5,9638443,0.01,3,161,50,15,seq
533,11.212121212121213,2.740435102603915,0.0,0.7095190920393836,0.8890175695164,3_sp_gt_5,9638443,0.01,3,161,50,15,seq
534,12.424242424242424,2.4942304135144244,0.0,0.8365369643319625,0.8961587331833276,3_sp_gt_5,9638443,0.01,3,161,50,15,seq
535,13.636363636363637,2.397424840862994,0.0,0.8587670070066137,0.8959269433284927,3_sp_gt_5,9638443,0.01,3,161,50,15,seq
536,14.84848484848485,2.424356824724339,0.0,0.8674139523933326,0.9011441130953144,3_sp_gt_5,9638443,0.01,3,161,50,15,seq
537,16.060606060606062,2.4204526670016566,0.0,0.8860453800622418,0.9005168633732258,3_sp_gt_5,9638443,0.01,3,161,50,15,seq
538,17.272727272727273,2.399022269112711,0.0,0.8647962515306511,0.912154326705908,3_sp_gt_5,9638443,0.01,3,161,50,15,seq
539,18.484848484848484,2.4149914885237704,0.0,0.8626910117954449,0.8855012440482884,3_sp_gt_5,9638443,0.01,3,161,50,15,seq
540,2.4242424242424243,1.125097157871637,0.0,0.0187590206933174,0.9578325010641217,3_sp_gt_5,9668522,0.01,3,161,50,15,seq
541,3.6363636363636367,2.6210355023187084,0.0,0.0250894521010957,0.9491248465493576,3_sp_gt_5,9668522,0.01,3,161,50,15,seq
542,4.848484848484849,3.1958409136730364,0.0,0.0535719390459976,0.9502113594360364,3_sp_gt_5,9668522,0.01,3,161,50,15,seq
543,6.0606060606060606,3.2525315774104966,0.0,0.1330365839844475,0.9274525599902274,3_sp_gt_5,9668522,0.01,3,161,50,15,seq
544,7.272727272727273,3.203048365137444,0.0,0.3004222389579392,0.9265150481007356,3_sp_gt_5,9668522,0.01,3,161,50,15,seq
545,8.484848484848484,2.9167726034173302,0.0,0.5517072249351325,0.945310328231924,3_sp_gt_5,9668522,0.01,3,161,50,15,seq
546,10.0,2.563824989769105,0.0,0.7835807530330116,0.9317205830343902,3_sp_gt_5,9668522,0.01,3,161,50,15,seq
547,11.212121212121213,2.473445908388825,0.0,0.8443338047520346,0.9345651977737268,3_sp_gt_5,9668522,0.01,3,161,50,15,seq
548,12.424242424242424,2.4152080011736183,0.0,0.871774231732947,0.9548418533070108,3_sp_gt_5,9668522,0.01,3,161,50,15,seq
549,13.636363636363637,2.390852571664201,0.0,0.8431570377142484,0.9537901066991002,3_sp_gt_5,9668522,0.01,3,161,50,15,seq
550,14.84848484848485,2.397972759300939,0.0,0.8068300660322365,0.9386902306904132,3_sp_gt_5,9668522,0.01,3,161,50,15,seq
551,16.060606060606062,2.4204428586268043,0.0,0.8256539256757041,0.920697298990676,3_sp_gt_5,9668522,0.01,3,161,50,15,seq
552,17.272727272727273,2.453942857189725,0.0,0.8598203052425495,0.935705789973004,3_sp_gt_5,9668522,0.01,3,161,50,15,seq
553,18.484848484848484,2.330272782311124,0.0,0.8822451050796274,0.9218691125657892,3_sp_gt_5,9668522,0.01,3,161,50,15,seq
554,20.0,2.369068069023128,0.0,0.8610201452076175,0.9197921096373228,3_sp_gt_5,9668522,0.01,3,161,50,15,seq
555,0.0,0.06,0.06,0.01,1.0,3_sp_gt_5,9845126,0.01,3,161,50,15,seq
556,1.2121212121212122,0.3988482580861928,0.0089942850011279,0.0058221239639494,0.9804697742058158,3_sp_gt_5,9845126,0.01,3,161,50,15,seq
557,2.4242424242424243,1.705984702769839,0.0052767511241911,0.0048682574702797,0.9679271408016856,3_sp_gt_5,9845126,0.01,3,161,50,15,seq
558,3.6363636363636367,2.949579487460375,0.0350355327009688,0.0083573208570912,0.9433668759193408,3_sp_gt_5,9845126,0.01,3,161,50,15,seq
559,4.848484848484849,2.9261798338869425,0.6133706650966824,0.0241035086754107,0.9245778065500532,3_sp_gt_5,9845126,0.01,3,161,50,15,seq
560,6.0606060606060606,1.849642534494963,1.7494242341583386,0.1109798277912506,0.9465675183751658,3_sp_gt_5,9845126,0.01,3,161,50,15,seq
561,7.272727272727273,1.4472481855119848,1.372547752790506,0.3632635873792749,0.9365149516868472,3_sp_gt_5,9845126,0.01,3,161,50,15,seq
562,8.484848484848484,1.2807022811194877,1.2607039107924862,0.7212711526711159,0.9627223827771944,3_sp_gt_5,9845126,0.01,3,161,50,15,seq
563,10.0,0.999527022851898,1.2350263097528549,1.0379425626639984,0.9362323374319548,3_sp_gt_5,9845126,0.01,3,161,50,15,seq
564,11.212121212121213,0.8711708494729143,1.0644423100079965,1.077980552863263,0.917468906408202,3_sp_gt_5,9845126,0.01,3,161,50,15,seq
565,12.424242424242424,0.938920650120492,0.9010563634415912,0.9728759886066618,0.9274242359018912,3_sp_gt_5,9845126,0.01,3,161,50,15,seq
566,13.636363636363637,1.0764642340678845,0.8971767655072082,0.9041370298599518,0.9310863493694324,3_sp_gt_5,9845126,0.01,3,161,50,15,seq
567,14.84848484848485,1.1304011870906006,1.037448818916291,0.958241010548544,0.9405394029640888,3_sp_gt_5,9845126,0.01,3,161,50,15,seq
568,16.060606060606062,1.026034013183903,1.113737698883117,1.0062755548981217,0.947073460144275,3_sp_gt_5,9845126,0.01,3,161,50,15,seq
569,17.272727272727273,0.9650693680615524,1.078789848990991,1.0194384237034015,0.9340202765700262,3_sp_gt_5,9845126,0.01,3,161,50,15,seq
570,10.0,0.8956741749785084,0.8271017931094393,0.9171892566558432,0.9795242927731806,3_sp_gt_5,10011807,0.01,3,161,50,15,seq
571,11.212121212121213,1.1181316769463678,0.834851962089755,0.8655460336372808,0.9896847781209974,3_sp_gt_5,10011807,0.01,3,161,50,15,seq
572,12.424242424242424,1.1351661341069887,0.9898439440714768,0.9513913735095864,1.035485276099284,3_sp_gt_5,10011807,0.01,3,161,50,15,seq
573,13.636363636363637,1.0595948217592588,1.071777344294197,1.004753488077846,1.055623977556227,3_sp_gt_5,10011807,0.01,3,161,50,15,seq
574,14.84848484848485,0.9401416387914228,1.0213479784704234,1.0391863451144017,1.0622500016515282,3_sp_gt_5,10011807,0.01,3,161,50,15,seq
575,16.060606060606062,0.9635592276641036,0.9869463946038782,1.0179480247673451,1.0697341542934935,3_sp_gt_5,10011807,0.01,3,161,50,15,seq
576,17.272727272727273,0.9908967711860408,0.996987886314768,1.0006987975896255,1.0850014792212084,3_sp_gt_5,10011807,0.01,3,161,50,15,seq
577,18.484848484848484,1.0133235727284406,0.994372469917634,0.9871587766608622,1.1150519528763845,3_sp_gt_5,10011807,0.01,3,161,50,15,seq
578,20.0,0.9879698620667672,0.9932300090656156,1.0189376456839478,1.1387041594278071,3_sp_gt_5,10011807,0.01,3,161,50,15,seq
579,21.21212121212121,1.0186892920142625,0.9697015473240668,0.9885130402418169,1.1340920391136602,3_sp_gt_5,10011807,0.01,3,161,50,15,seq
580,22.424242424242426,1.0176435148191727,0.9923788717040938,0.9908202049288148,1.144900303041358,3_sp_gt_5,10011807,0.01,3,161,50,15,seq
581,23.63636363636364,1.0059059474091894,1.03926818213194,1.017953338051799,1.134437511548066,3_sp_gt_5,10011807,0.01,3,161,50,15,seq
582,24.848484848484848,0.9629194431315172,1.035763238873673,1.0265226369517513,1.1689913927645958,3_sp_gt_5,10011807,0.01,3,161,50,15,seq
583,26.060606060606062,0.9680139302213744,0.9567272562913488,0.994627332927552,1.2295789477034993,3_sp_gt_5,10011807,0.01,3,161,50,15,seq
584,27.272727272727277,1.0391149452219086,0.9687252177339531,0.9694006529015692,1.2792645772426428,3_sp_gt_5,10011807,0.01,3,161,50,15,seq
585,8.484848484848484,3.007334467160873,0.0,0.4115224863916412,1.0319923607614965,3_sp_gt_5,10435541,0.01,3,161,50,15,seq
586,10.0,2.739922133698184,0.0,0.6948161152664417,1.030827058157517,3_sp_gt_5,10435541,0.01,3,161,50,15,seq
587,11.212121212121213,2.514685634012761,0.0,0.8394226374302948,1.0184160391755013,3_sp_gt_5,10435541,0.01,3,161,50,15,seq
588,12.424242424242424,2.4646089699539924,0.0,0.869197032590767,0.9639283897405316,3_sp_gt_5,10435541,0.01,3,161,50,15,seq
589,13.636363636363637,2.363492603310853,0.0,0.8688678806085341,0.971968274731944,3_sp_gt_5,10435541,0.01,3,161,50,15,seq
590,14.84848484848485,2.3183795776875518,0.0,0.857089858731819,0.9744883394322336,3_sp_gt_5,10435541,0.01,3,161,50,15,seq
591,16.060606060606062,2.398542160813913,0.0,0.8509945927184914,0.977257028551467,3_sp_gt_5,10435541,0.01,3,161,50,15,seq
592,17.272727272727273,2.380886689421283,0.0,0.8776664688067064,0.9641723790663446,3_sp_gt_5,10435541,0.01,3,161,50,15,seq
593,18.484848484848484,2.4232136290432336,0.0,0.8583692513056225,0.953894010408865,3_sp_gt_5,10435541,0.01,3,161,50,15,seq
594,20.0,2.449859081055606,0.0,0.8409324829169591,0.93034343902861,3_sp_gt_5,10435541,0.01,3,161,50,15,seq
595,21.21212121212121,2.4220885222548127,0.0,0.8604583523054414,0.921059222428994,3_sp_gt_5,10435541,0.01,3,161,50,15,seq
596,22.424242424242426,2.411121957553588,0.0,0.8813674890442037,0.9664527074897789,3_sp_gt_5,10435541,0.01,3,161,50,15,seq
597,23.63636363636364,2.380537165336375,0.0,0.9013704230359414,0.975769478594893,3_sp_gt_5,10435541,0.01,3,161,50,15,seq
598,24.848484848484848,2.412389310938869,0.0,0.8474322174291455,0.9704742474117556,3_sp_gt_5,10435541,0.01,3,161,50,15,seq
599,26.060606060606062,2.378060572703285,0.0,0.8846577266412043,1.0007678966201754,3_sp_gt_5,10435541,0.01,3,161,50,15,seq
600,6.0606060606060606,2.0630439807624086,1.715513274014173,0.2900276945624851,0.9568286767390164,3_sp_gt_5,10471522,0.01,3,161,50,15,seq
601,7.272727272727273,1.1353334426620083,1.5929494981864325,0.8677597755060129,0.9734261631520388,3_sp_gt_5,10471522,0.01,3,161,50,15,seq
602,8.484848484848484,0.8295928521147187,1.2079321299199846,1.1269393729108976,0.9844557499325168,3_sp_gt_5,10471522,0.01,3,161,50,15,seq
603,10.0,0.8672985147454276,0.9201470073453808,0.9986501066777898,0.9806031322752656,3_sp_gt_5,10471522,0.01,3,161,50,15,seq
604,11.212121212121213,1.0404131346233,0.849428574668082,0.9223162495840534,0.9755665607196132,3_sp_gt_5,10471522,0.01,3,161,50,15,seq
605,12.424242424242424,1.1430530931147986,1.010445723812776,0.9681337730001196,0.9635127416118184,3_sp_gt_5,10471522,0.01,3,161,50,15,seq
606,13.636363636363637,1.0204140391959555,1.1121567479585523,1.02945981393493,0.974532582146552,3_sp_gt_5,10471522,0.01,3,161,50,15,seq
607,14.84848484848485,0.9283842423784454,1.0652986610883026,1.0596299327963203,0.9893377570895452,3_sp_gt_5,10471522,0.01,3,161,50,15,seq
608,16.060606060606062,0.9150023402535092,0.9720426580758924,1.0052848213528036,1.002190966040806,3_sp_gt_5,10471522,0.01,3,161,50,15,seq
609,17.272727272727273,1.006110507307343,0.91012217900504,0.9387344539056162,0.97247349312874,3_sp_gt_5,10471522,0.01,3,161,50,15,seq
610,18.484848484848484,1.1006219839130222,0.9415076293878506,0.9476366887984218,0.956369435634842,3_sp_gt_5,10471522,0.01,3,161,50,15,seq
611,20.0,1.0335561793917791,1.078714863315588,1.05763842701987,0.97751321773894,3_sp_gt_5,10471522,0.01,3,161,50,15,seq
612,21.21212121212121,0.967902242565678,1.0613909443857783,1.079447056614224,0.9861287501774194,3_sp_gt_5,10471522,0.01,3,161,50,15,seq
613,22.424242424242426,0.9152679402149778,1.0005024607854718,1.037446049575382,0.9798549568144674,3_sp_gt_5,10471522,0.01,3,161,50,15,seq
614,23.63636363636364,0.9747521081690008,0.9472863563304535,0.993474509771401,0.9661919502281934,3_sp_gt_5,10471522,0.01,3,161,50,15,seq
615,7.272727272727273,3.0077499143871584,0.0,0.3874044202114078,0.9025073667233408,3_sp_gt_5,10488077,0.01,3,161,50,15,seq
616,8.484848484848484,2.796436948020707,0.0,0.6255344825235032,0.8877463169917614,3_sp_gt_5,10488077,0.01,3,161,50,15,seq
617,10.0,2.5251333091222303,0.0,0.8139278266847373,0.8824741800857666,3_sp_gt_5,10488077,0.01,3,161,50,15,seq
618,11.212121212121213,2.42578624518582,0.0,0.8387440372193703,0.8825845459716735,3_sp_gt_5,10488077,0.01,3,161,50,15,seq
619,12.424242424242424,2.4287712242780466,0.0,0.8780538333534686,0.8793796908659516,3_sp_gt_5,10488077,0.01,3,161,50,15,seq
620,13.636363636363637,2.4560645836067376,0.0,0.868452127319917,0.8532777508946218,3_sp_gt_5,10488077,0.01,3,161,50,15,seq
621,14.84848484848485,2.394612033905366,0.0,0.8577298710441498,0.8842808202559549,3_sp_gt_5,10488077,0.01,3,161,50,15,seq
622,16.060606060606062,2.3834734705838767,0.0,0.8583326500898876,0.905118050173068,3_sp_gt_5,10488077,0.01,3,161,50,15,seq
623,17.272727272727273,2.402941711438588,0.0,0.8835872572415762,0.9305866519066974,3_sp_gt_5,10488077,0.01,3,161,50,15,seq
624,18.484848484848484,2.357260789080786,0.0,0.8806449597970862,0.944596943844884,3_sp_gt_5,10488077,0.01,3,161,50,15,seq
625,20.0,2.3942061270474397,0.0,0.8841205976727682,0.9819180719656796,3_sp_gt_5,10488077,0.01,3,161,50,15,seq
626,21.21212121212121,2.3484510500610134,0.0,0.8631430951232607,1.023313604710959,3_sp_gt_5,10488077,0.01,3,161,50,15,seq
627,22.424242424242426,2.396076007359753,0.0,0.8585549441223517,1.0308581959574272,3_sp_gt_5,10488077,0.01,3,161,50,15,seq
628,23.63636363636364,2.4468939498209608,0.0,0.8406409648751947,1.0156151905964088,3_sp_gt_5,10488077,0.01,3,161,50,15,seq
629,24.848484848484848,2.4180190389653284,0.0,0.8669974984042954,1.0279807941377723,3_sp_gt_5,10488077,0.01,3,161,50,15,seq
630,8.484848484848484,3.100840761622381,0.0,0.353126847754008,1.0113950281364972,3_sp_gt_5,10646715,0.01,3,161,50,15,seq
631,10.0,2.770041240171768,0.0,0.6450971270692573,1.0042228536909894,3_sp_gt_5,10646715,0.01,3,161,50,15,seq
632,11.212121212121213,2.63938569392124,0.0,0.8080492870106152,0.9998985099701184,3_sp_gt_5,10646715,0.01,3,161,50,15,seq
633,12.424242424242424,2.3746188090465816,0.0,0.8680854390911884,1.0008191615606363,3_sp_gt_5,10646715,0.01,3,161,50,15,seq
634,13.636363636363637,2.4357596527627594,0.0,0.8443325600647277,1.0125880894457604,3_sp_gt_5,10646715,0.01,3,161,50,15,seq
635,14.84848484848485,2.412485626835738,0.0,0.8632725476797025,0.9760120060213462,3_sp_gt_5,10646715,0.01,3,161,50,15,seq
636,16.060606060606062,2.3943121162194743,0.0,0.8618283827524051,0.9672071932655092,3_sp_gt_5,10646715,0.01,3,161,50,15,seq
637,17.272727272727273,2.418127410746424,0.0,0.8708651087609892,0.945458154599407,3_sp_gt_5,10646715,0.01,3,161,50,15,seq
638,18.484848484848484,2.3958675577606914,0.0,0.887305221470092,0.9445009657249094,3_sp_gt_5,10646715,0.01,3,161,50,15,seq
639,20.0,2.3480131865643985,0.0,0.8473285516729994,0.9433136870663664,3_sp_gt_5,10646715,0.01,3,161,50,15,seq
640,21.21212121212121,2.358668692041306,0.0,0.8448485557709023,0.9542062131550476,3_sp_gt_5,10646715,0.01,3,161,50,15,seq
641,22.424242424242426,2.346280926725404,0.0,0.847068714340662,0.9419955190148812,3_sp_gt_5,10646715,0.01,3,161,50,15,seq
642,23.63636363636364,2.3913379271485358,0.0,0.8615488530298262,0.9075975220913254,3_sp_gt_5,10646715,0.01,3,161,50,15,seq
643,24.848484848484848,2.330865215031286,0.0,0.8558753847494756,0.8855997493870067,3_sp_gt_5,10646715,0.01,3,161,50,15,seq
644,26.060606060606062,2.368146776038349,0.0,0.9051400159894282,0.8783152634129212,3_sp_gt_5,10646715,0.01,3,161,50,15,seq
645,7.272727272727273,1.083708835748437,1.6203339349642938,0.955822881332509,1.0479078333919942,3_sp_gt_5,10793741,0.01,3,161,50,15,seq
646,8.484848484848484,0.7996678309879602,1.167684999558529,1.1119658863663264,1.0410237877409758,3_sp_gt_5,10793741,0.01,3,161,50,15,seq
647,10.0,0.8829901405937242,0.8589551420010633,0.9393637383798128,1.0765239662814128,3_sp_gt_5,10793741,0.01,3,161,50,15,seq
648,11.212121212121213,1.096634866660162,0.8024269281725763,0.8643649543218789,1.095771810340307,3_sp_gt_5,10793741,0.01,3,161,50,15,seq
649,12.424242424242424,1.179408753491388,0.9760913295832228,0.9235041556224644,1.1354407111230795,3_sp_gt_5,10793741,0.01,3,161,50,15,seq
650,13.636363636363637,1.0438196740967347,1.0947501938724444,1.05044370528436,1.1187354574740465,3_sp_gt_5,10793741,0.01,3,161,50,15,seq
651,14.84848484848485,0.9115400538297522,1.103190141608302,1.0932170668791912,1.1133455427692882,3_sp_gt_5,10793741,0.01,3,161,50,15,seq
652,16.060606060606062,0.9206549696504508,0.9739973954560688,1.075106783482087,1.09545045335999,3_sp_gt_5,10793741,0.01,3,161,50,15,seq
653,17.272727272727273,0.9353247673488828,0.9339343230104312,0.993940511820966,1.081273074159343,3_sp_gt_5,10793741,0.01,3,161,50,15,seq
654,18.484848484848484,1.051243600356877,0.9128277364075992,0.9405168347358426,1.0964939813829273,3_sp_gt_5,10793741,0.01,3,161,50,15,seq
655,20.0,1.0436966156074594,1.043372498800717,0.9823074119515852,1.0953844801168933,3_sp_gt_5,10793741,0.01,3,161,50,15,seq
656,21.21212121212121,0.9800535889322516,1.0440063093757068,1.008753424925605,1.1301561223842298,3_sp_gt_5,10793741,0.01,3,161,50,15,seq
657,22.424242424242426,0.9588156344740056,1.021311093059742,1.0220216307533936,1.1327819219604158,3_sp_gt_5,10793741,0.01,3,161,50,15,seq
658,23.63636363636364,1.0170087076360197,0.9975483000878368,0.991324570095298,1.141437801970226,3_sp_gt_5,10793741,0.01,3,161,50,15,seq
659,24.848484848484848,1.0278105925045735,1.0041202578696444,0.9861342883613878,1.1679986770446726,3_sp_gt_5,10793741,0.01,3,161,50,15,seq
660,10.0,0.9223022091865456,0.9193092644968316,0.9724493147860116,1.0047387147288376,3_sp_gt_5,10999907,0.01,3,161,50,15,seq
661,11.212121212121213,1.0360374126434309,0.8811491328162205,0.9311852259400436,1.0140881108143731,3_sp_gt_5,10999907,0.01,3,161,50,15,seq
662,12.424242424242424,1.1210423205259537,0.9624534940279948,0.9581629199306472,1.0059113909798896,3_sp_gt_5,10999907,0.01,3,161,50,15,seq
663,13.636363636363637,1.0551034353121684,1.064026067273136,1.0040124067020737,0.9679645973659512,3_sp_gt_5,10999907,0.01,3,161,50,15,seq
664,14.84848484848485,0.989291921329872,1.0639160662797504,1.0281801227859522,0.9738399332409212,3_sp_gt_5,10999907,0.01,3,161,50,15,seq
665,16.060606060606062,0.9234517915602214,1.0235278732055668,1.0538467142683152,0.9677702999850856,3_sp_gt_5,10999907,0.01,3,161,50,15,seq
666,17.272727272727273,0.9885037440409056,0.9330633253488184,0.9689428331653378,0.9536593857560076,3_sp_gt_5,10999907,0.01,3,161,50,15,seq
667,18.484848484848484,1.0347364311288667,0.9567621189876744,0.950534360964864,0.966707043626632,3_sp_gt_5,10999907,0.01,3,161,50,15,seq
668,20.0,1.0378485801707706,1.014408020224942,0.9826223409118872,0.9340717983252028,3_sp_gt_5,10999907,0.01,3,161,50,15,seq
669,21.21212121212121,0.9866968891249316,0.97275620832252,0.9868802187257008,0.9661608143943338,3_sp_gt_5,10999907,0.01,3,161,50,15,seq
670,22.424242424242426,0.9997792605182734,0.9658497138002786,0.991970673400688,0.9903104930141567,3_sp_gt_5,10999907,0.01,3,161,50,15,seq
671,23.63636363636364,1.016993111546031,0.9980271293752914,0.9962891416038115,0.9831386477588796,3_sp_gt_5,10999907,0.01,3,161,50,15,seq
672,24.848484848484848,1.021024043516876,1.0166050005540752,1.019454135598474,0.9925124982997692,3_sp_gt_5,10999907,0.01,3,161,50,15,seq
673,26.060606060606062,0.9557059544841602,1.0180349614361293,1.043255851322142,0.9733110307476804,3_sp_gt_5,10999907,0.01,3,161,50,15,seq
674,27.272727272727277,0.970236432168562,0.9730621114131184,0.992116515576516,0.9370925913372,3_sp_gt_5,10999907,0.01,3,161,50,15,seq
675,3.6363636363636367,2.6736289010386427,0.0148420649015674,0.0451184188239589,1.0182355881288554,3_sp_gt_5,11499954,0.01,3,161,50,15,seq
676,4.848484848484849,3.0111715312279514,0.2479662184476426,0.1023280409332994,0.9961960192860038,3_sp_gt_5,11499954,0.01,3,161,50,15,seq
677,6.0606060606060606,2.093090306792549,1.6457758337420296,0.3503900234193274,0.986957315740779,3_sp_gt_5,11499954,0.01,3,161,50,15,seq
678,7.272727272727273,1.0615847216155023,1.6037721513060332,0.9879513690561028,0.9799856153421268,3_sp_gt_5,11499954,0.01,3,161,50,15,seq
679,8.484848484848484,0.7679812939544609,1.240159368191807,1.179571622503636,0.9534712650496584,3_sp_gt_5,11499954,0.01,3,161,50,15,seq
680,10.0,0.8476286646315968,0.8424324585527316,0.9782938051040628,0.9387682174872974,3_sp_gt_5,11499954,0.01,3,161,50,15,seq
681,11.212121212121213,1.0774808947505,0.7998528311110796,0.8740255375435292,0.9301936468701788,3_sp_gt_5,11499954,0.01,3,161,50,15,seq
682,12.424242424242424,1.1850880862802526,0.9830926633029204,0.9138519363100304,0.9147786874700145,3_sp_gt_5,11499954,0.01,3,161,50,15,seq
683,13.636363636363637,1.0525598280107198,1.161870510626928,1.089930376918028,0.9085604833369054,3_sp_gt_5,11499954,0.01,3,161,50,15,seq
684,14.84848484848485,0.894261789775023,1.1312202721615678,1.1224975887210753,0.8949009121440837,3_sp_gt_5,11499954,0.01,3,161,50,15,seq
685,16.060606060606062,0.8493048802638717,1.000908679105213,1.0522343641017382,0.8711613750211723,3_sp_gt_5,11499954,0.01,3,161,50,15,seq
686,17.272727272727273,0.971293658469092,0.8707437321916958,0.9292274360636888,0.862041762050668,3_sp_gt_5,11499954,0.01,3,161,50,15,seq
687,18.484848484848484,1.1321048118158767,0.9176994177679394,0.9264948681433096,0.8523287632124925,3_sp_gt_5,11499954,0.01,3,161,50,15,seq
688,20.0,1.0354824125720263,1.1185356566383515,1.0711806250081883,0.876031316131463,3_sp_gt_5,11499954,0.01,3,161,50,15,seq
689,21.21212121212121,0.9216038475624792,1.0753873895682842,1.102535303243549,0.8908643289290508,3_sp_gt_5,11499954,0.01,3,161,50,15,seq
690,10.0,0.9822102659181048,0.742652813724492,0.889545048844566,1.048755266278735,3_sp_gt_5,11563241,0.01,3,161,50,15,seq
691,11.212121212121213,1.196074150911383,0.8636102928559145,0.8644824876373405,1.0677141445920006,3_sp_gt_5,11563241,0.01,3,161,50,15,seq
692,12.424242424242424,1.1350002092889653,1.0768463923531992,1.0103073074481794,1.0516890436306574,3_sp_gt_5,11563241,0.01,3,161,50,15,seq
693,13.636363636363637,0.9841340945847508,1.1622259712573366,1.099281679614443,1.0529200805782857,3_sp_gt_5,11563241,0.01,3,161,50,15,seq
694,14.84848484848485,0.9144777869297612,1.0373604439708295,1.0709572900305373,1.0562826659827376,3_sp_gt_5,11563241,0.01,3,161,50,15,seq
695,16.060606060606062,0.945911576396244,0.9700276301777192,1.0368717637344074,1.040791669766818,3_sp_gt_5,11563241,0.01,3,161,50,15,seq
696,17.272727272727273,0.9844182496313496,0.9948143109345988,1.0082588316607466,1.0282397559867424,3_sp_gt_5,11563241,0.01,3,161,50,15,seq
697,18.484848484848484,1.0073934477559825,0.9919541937191856,0.996447627546918,1.012737025530832,3_sp_gt_5,11563241,0.01,3,161,50,15,seq
698,20.0,0.9991842302745998,1.0086280696163823,0.9808892056411326,0.9707134597027812,3_sp_gt_5,11563241,0.01,3,161,50,15,seq
699,21.21212121212121,1.0307450353316026,0.9899771884227097,1.006711010403399,0.9945542191733664,3_sp_gt_5,11563241,0.01,3,161,50,15,seq
700,22.424242424242426,0.9998433874281408,1.0311566654140258,1.0096435306397198,1.0022536952189818,3_sp_gt_5,11563241,0.01,3,161,50,15,seq
701,23.63636363636364,0.9713213192924324,1.0171503694749775,1.0035714176109043,1.0211666327587023,3_sp_gt_5,11563241,0.01,3,161,50,15,seq
702,24.848484848484848,0.9866304584911956,0.9806169885738516,1.016329557616518,1.0138329920089937,3_sp_gt_5,11563241,0.01,3,161,50,15,seq
703,26.060606060606062,0.9977895623542772,0.9532449387367756,0.9534857814165592,1.0010739521107437,3_sp_gt_5,11563241,0.01,3,161,50,15,seq
704,27.272727272727277,1.0433228067295248,0.9567610847180088,0.9381531883115054,1.0195303670993845,3_sp_gt_5,11563241,0.01,3,161,50,15,seq
705,0.0,0.02,0.01,0.09,1.0,3_sp_gt_5,11942766,0.01,3,161,50,15,seq
706,1.2121212121212122,0.1389286014475957,0.0,0.0456989463055911,1.009604316600934,3_sp_gt_5,11942766,0.01,3,161,50,15,seq
707,2.4242424242424243,0.817505265702728,0.0,0.0290374284507577,1.0243082774384429,3_sp_gt_5,11942766,0.01,3,161,50,15,seq
708,3.6363636363636367,2.4142743442080667,0.0,0.0325050746469204,1.0048148356716518,3_sp_gt_5,11942766,0.01,3,161,50,15,seq
709,4.848484848484849,3.1430485687615684,0.0,0.0687653585662655,1.0123701305229509,3_sp_gt_5,11942766,0.01,3,161,50,15,seq
710,6.0606060606060606,3.191008594217531,0.0,0.1580247249495542,1.004832936307147,3_sp_gt_5,11942766,0.01,3,161,50,15,seq
711,7.272727272727273,3.075108854530016,0.0,0.3444600868213435,0.9855734757982214,3_sp_gt_5,11942766,0.01,3,161,50,15,seq
712,8.484848484848484,2.865818282153985,0.0,0.5769397910711161,0.994881081179575,3_sp_gt_5,11942766,0.01,3,161,50,15,seq
713,10.0,2.625163142520946,0.0,0.7996725729767673,1.0043348432744028,3_sp_gt_5,11942766,0.01,3,161,50,15,seq
714,11.212121212121213,2.4307790233365782,0.0,0.8590963778991358,1.0508994038381776,3_sp_gt_5,11942766,0.01,3,161,50,15,seq
715,12.424242424242424,2.3072229064740326,0.0,0.8580589626626578,1.0101927137522884,3_sp_gt_5,11942766,0.01,3,161,50,15,seq
716,13.636363636363637,2.3798138125336865,0.0,0.8688414509671103,0.9964262736146848,3_sp_gt_5,11942766,0.01,3,161,50,15,seq
717,14.84848484848485,2.368975818636088,0.0,0.8727957752276287,1.0159572369619865,3_sp_gt_5,11942766,0.01,3,161,50,15,seq
718,16.060606060606062,2.3321709475089216,0.0,0.8947109853091656,1.0383553137444033,3_sp_gt_5,11942766,0.01,3,161,50,15,seq
719,17.272727272727273,2.337930189016798,0.0,0.8664292708935795,1.0241521322354017,3_sp_gt_5,11942766,0.01,3,161,50,15,seq
720,4.848484848484849,3.136823678775892,0.0,0.0336935061003202,0.9346257830105928,3_sp_gt_5,12305126,0.01,3,161,50,15,seq
721,6.0606060606060606,3.342234517739028,0.0,0.0850964828081443,0.9085178133829028,3_sp_gt_5,12305126,0.01,3,161,50,15,seq
722,7.272727272727273,3.1654805594066344,0.0,0.1976172719406085,0.9304435244189666,3_sp_gt_5,12305126,0.01,3,161,50,15,seq
723,8.484848484848484,3.002095162929957,0.0,0.3989514722227675,0.9162013248119808,3_sp_gt_5,12305126,0.01,3,161,50,15,seq
724,10.0,2.7451266529393643,0.0,0.6865499336061123,0.9119987970736813,3_sp_gt_5,12305126,0.01,3,161,50,15,seq
725,11.212121212121213,2.5050149092262965,0.0,0.8483027023909292,0.90170106190481,3_sp_gt_5,12305126,0.01,3,161,50,15,seq
726,12.424242424242424,2.3851632505795117,0.0,0.8876853922159392,0.8997683363797891,3_sp_gt_5,12305126,0.01,3,161,50,15,seq
727,13.636363636363637,2.335013570596764,0.0,0.8752212174872168,0.8659631848617372,3_sp_gt_5,12305126,0.01,3,161,50,15,seq
728,14.84848484848485,2.362962949069888,0.0,0.8567076892831217,0.8855146571979571,3_sp_gt_5,12305126,0.01,3,161,50,15,seq
729,16.060606060606062,2.36257545397254,0.0,0.856361105319826,0.8934759106113338,3_sp_gt_5,12305126,0.01,3,161,50,15,seq
730,17.272727272727273,2.400730261950792,0.0,0.862293083712484,0.9001004962997264,3_sp_gt_5,12305126,0.01,3,161,50,15,seq
731,18.484848484848484,2.431489265751204,0.0,0.8798171806343421,0.9076061246585444,3_sp_gt_5,12305126,0.01,3,161,50,15,seq
732,20.0,2.3843784425003247,0.0,0.8379388989033616,0.8946169568924306,3_sp_gt_5,12305126,0.01,3,161,50,15,seq
733,21.21212121212121,2.43427487231245,0.0,0.8656485352360125,0.9051459503094716,3_sp_gt_5,12305126,0.01,3,161,50,15,seq
734,22.424242424242426,2.3994416769517253,0.0,0.8697797122161008,0.925427763376844,3_sp_gt_5,12305126,0.01,3,161,50,15,seq
735,0.0,0.09,0.09,0.01,1.0,3_sp_gt_5,12733201,0.01,3,161,50,15,seq
736,1.2121212121212122,0.5604140417591513,0.0156493975755654,0.0059683618745266,0.9730640539984968,3_sp_gt_5,12733201,0.01,3,161,50,15,seq
737,2.4242424242424243,2.0170263696076467,0.0130079443397032,0.0057661363687292,1.0076311885290203,3_sp_gt_5,12733201,0.01,3,161,50,15,seq
738,3.6363636363636367,2.976705790635194,0.1177766344948623,0.0112771827475139,0.9895659352760364,3_sp_gt_5,12733201,0.01,3,161,50,15,seq
739,4.848484848484849,2.5126423709318098,1.2849750736986305,0.0371187963409988,0.9888189472544008,3_sp_gt_5,12733201,0.01,3,161,50,15,seq
740,6.0606060606060606,1.62111271787603,1.669166041269088,0.1805422163911906,0.95519752338958,3_sp_gt_5,12733201,0.01,3,161,50,15,seq
741,7.272727272727273,1.402431445989026,1.312987615387633,0.4810530155977016,0.9668412611285886,3_sp_gt_5,12733201,0.01,3,161,50,15,seq
742,8.484848484848484,1.1583695159671088,1.2479569003214468,0.8849354966018963,0.9550807102163692,3_sp_gt_5,12733201,0.01,3,161,50,15,seq
743,10.0,0.8922428632834174,1.1584926589337887,1.0994918552442654,0.9695206288319672,3_sp_gt_5,12733201,0.01,3,161,50,15,seq
744,11.212121212121213,0.8655050918751479,0.9755086752432452,1.0488094228949778,0.9873175878130862,3_sp_gt_5,12733201,0.01,3,161,50,15,seq
745,12.424242424242424,0.9778110916613748,0.8492175388888595,0.9190874902358508,0.9676924814730196,3_sp_gt_5,12733201,0.01,3,161,50,15,seq
746,13.636363636363637,1.1199349739076605,0.9188614388017836,0.92205084420108,0.9729594953915468,3_sp_gt_5,12733201,0.01,3,161,50,15,seq
747,14.84848484848485,1.0972753025103867,1.0537517110603964,0.9821116321187742,1.0112648165936455,3_sp_gt_5,12733201,0.01,3,161,50,15,seq
748,16.060606060606062,0.9869157678397644,1.0883812343377457,1.062564152284812,1.01850801659174,3_sp_gt_5,12733201,0.01,3,161,50,15,seq
749,17.272727272727273,0.9063969088832332,1.0383368373991233,1.0358593360176729,1.0109211688650712,3_sp_gt_5,12733201,0.01,3,161,50,15,seq
